Unnamed: 0,E886_341,E1428_485,E1283_326,E5_421,E34_177,E1111_587,E1698_513,E1090_534,E1689_380,E1401_259,E1205_309,E222_340,E509_204,E547_789,E197_80,E131_347,E1217_583,E9_63,E725_558,E1424_455,E740_39,E440_443,E862_24,E486_774,E405_15,E909_598,E266_70,E465_118,E1087_79,E1210_79,E706_647,E156_791,E1139_606,E493_104,E68_248,E947_771,E1016_517,E981_493,E1022_724,E1972_285,E843_711,E1126_791,E102_96,E1361_539,E1798_783,E1421_379,E976_423,E990_403,E1936_792,E490_529,E1261_575,E1750_176,E1024_181,E1714_701,E1886_661,E1331_648,E353_447,E1163_749,E487_586,E1250_250,E1888_472,E251_448,E890_732,E166_145,E1696_459,E1267_463,E1033_26,E614_797,E1970_453,E492_128,E1441_49,E1201_477,E466_763,E783_20,E1581_748,E858_708,E787_213,E904_751,E1202_793,E1150_457,E1496_629,E1768_175,E1512_708,E605_95,E534_28,E1187_418,E1418_293,E26_175,E1920_336,E1165_555,E310_648,E1474_435,E1436_176,E60_756,E1301_313,E974_256,E1925_589,E1133_677,E1465_673,E1898_767,E1856_601,E632_745,E1317_311,E1195_333,E1927_34,E1026_323,E1053_245,E336_644,E306_135,E506_27,E355_4,E1034_267,E1366_221,E945_620,E374_566,E1214_331,E1582_68,E461_168,E446_50,E86_104,E1613_471,E681_361,E1557_438,E961_638,E1232_573,E920_14,E1957_461,E1520_386,E394_657,E272_776,E1902_658,E698_629,E1702_734,E1808_787,E452_734,E1316_159,E1249_637,E1956_509,E1671_200,E1541_583,E464_205,E674_288,E1011_14,E1039_733,E159_277,E388_755,E25_44,E646_119,E416_690,E903_502,E560_758,E1934_651,E1874_416,E1817_465,E1897_42,E1227_234,E1892_473,E1035_208,E389_523,E1603_637,E664_248,E592_659,E277_482,E1605_434,E130_17,E1585_386,E872_300,E827_773,E262_358,E774_365,E17_549,E1792_717,E1977_172,E297_322,E1160_50,E223_234,E1020_540,E815_508,E1348_324,E1969_287,E531_414,E1860_515,E382_440,E594_691,E616_452,E43_138,E1990_334,E780_302,E1089_701,E833_535,E1412_57,E1755_71,E878_375,E1122_650,E1572_17,E1363_678,E600_411,E573_705,E577_717,E438_149,E1185_97,E1359_513,E578_540,E1425_539,E623_168,E718_327,E1162_235,E356_684,E1660_312,E357_739,E1329_317,E1804_177,E105_36,E1839_633,E1791_209,E1374_380,E1107_415,E1875_432,E1379_80,E126_482,E561_268,E1140_710,E1713_572,E1457_367,E1071_524,E1174_158,E676_194,E1561_612,E167_152,E1611_262,E801_254,E1938_666,E1183_213,E1510_223,E328_191,E485_723,E176_471,E1312_687,E1731_686,E1343_261,E1062_267,E1788_32,E1851_88,E647_258,E1321_394,E1113_71,E426_259,E820_13,E1176_237,E612_256,E1260_215,E1661_90,E515_297,E1130_562,E876_279,E785_234,E1125_537,E96_777,E152_542,E1697_231,E683_227,E1522_699,E1069_474,E1073_184,E1413_488,E92_516,E1337_564,E1521_71,E1665_399,E912_287,E1193_455,E1469_608,E1346_776,E775_441,E629_562,E1978_132,E1349_284,E347_776,E608_682,E247_348,E273_604,E454_112,E921_462,E624_764,E589_12,E634_714,E44_386,E1304_71,E1285_106,E935_312,E123_704,E1952_540,E1032_167,E942_186,E1481_668,E1884_785,E1987_56,E526_700,E1479_29,E1234_31,E807_667,E1280_768,E1203_698,E1948_715,E512_611,E3_694,E59_222,E1578_532,E1951_669,E803_645,E699_644,E1655_290,E1838_558,E213_443,E261_749,E201_227,E1347_646,E1864_542,E519_794,E1508_132,E840_186,E1031_253,E1005_571,E649_349,E15_302,E967_603,E980_273,E1169_198,E1118_454,E1269_102,E1799_309,E603_271,E782_507,E1068_568,E1332_15,E743_486,E204_721,E210_478,E1322_50,E625_300,E259_408,E226_725,E1147_644,E1036_482,E143_608,E477_639,E1822_383,E495_785,E1438_465,E730_90,E136_475,E243_672,E1728_219,E1378_743,E701_501,E1786_64,E219_446,E1432_256,E57_206,E1668_665,E1365_105,E1643_526,E1506_266,E1396_429,E1086_749,E691_572,E1453_486,E1546_690,E1172_369,E729_88,E46_511,E202_387,E1452_769,E338_315,E450_332,E1420_406,E340_770,E1676_439,E1360_250,E112_439,E673_410,E1485_752,E652_393,E1980_28,E697_402,E1931_364,E476_410,E1879_711,E1989_105,E951_130,E897_386,E656_797,E882_785,E639_372,E1863_416,E288_286,E1915_363,E137_425,E648_681,E141_667,E383_496,E1505_689,E837_591,E892_719,E1573_610,E216_731,E723_694,E1924_779,E1712_85,E371_766,E1999_477,E309_45,E1584_423,E1909_670,E618_86,E816_728,E1128_387,E1654_630,E1580_374,E138_415,E149_427,E794_61,E1684_485,E948_325,E1218_680,E1911_609,E939_525,E927_578,E472_502,E170_108,E956_110,E545_609,E529_354,E1766_195,E225_465,E348_489,E932_542,E695_121,E305_754,E33_371,E1144_612,E158_113,E779_777,E908_766,E670_560,E407_459,E1779_617,E1416_4,E1724_61,E1723_104,E415_758,E181_12,E1327_449,E248_459,E445_87,E824_252,E320_66,E1320_587,E511_699,E1869_553,E441_589,E1843_89,E386_585,E744_541,E1354_79,E1154_118,E835_662,E554_710,E1296_435,E1558_605,E569_461,E459_261,E1587_376,E265_763,E1311_4,E301_426,E924_717,E443_375,E1290_384,E1486_674,E1138_703,E155_299,E1704_308,E1772_591,E1153_687,E1908_663,E283_639,E575_450,E1761_607,E1030_347,E1423_643,E1794_7,E564_251,E1014_182,E538_400,E205_32,E179_322,E1241_689,E1960_95,E1503_597,E134_606,E861_743,E1448_477,E286_88,E293_17,E132_558,E422_461,E1440_9,E727_368,E269_432,E411_490,E1098_99,E653_521,E1845_531,E1659_174,E1393_349,E1721_268,E688_201,E494_324,E1846_218,E463_705,E1143_699,E1391_382,E1871_608,E1230_113,E778_225,E873_167,E1240_419,E615_468,E1600_49,E1437_106,E1204_776,E552_177,E822_85,E420_432,E877_573,E628_267,E365_286,E597_719,E944_754,E1868_799,E19_356,E1435_650,E1757_113,E1910_43,E1647_96,E1084_775,E1746_359,E228_542,E1682_445,E373_277,E1524_773,E899_71,E1275_602,E709_535,E1708_380,E1737_274,E1455_13,E1872_387,E1628_385,E351_547,E770_301,E299_551,E404_702,E324_306,E238_556,E0_729,E1959_428,E1998_462,E1663_152,E242_693,E1965_155,E1631_18,E270_695,E1456_163,E563_186,E1103_524,E1928_448,E1695_545,E334_198,E1282_253,E316_332,E1758_257,E1129_454,E520_486,E1644_469,E95_266,E1509_223,E474_332,E1699_245,E157_105,E929_680,E439_231,E263_443,E178_729,E672_57,E950_476,E50_483,E1181_6,E258_430,E1642_267,E1460_462,E69_262,E1497_183,E1953_383,E1110_178,E1574_217,E738_654,E1922_193,E768_170,E1552_210,E971_747,E234_674,E1722_772,E823_682,E1213_577,E1688_163,E1135_219,E591_145,E161_347,E323_537,E66_116,E97_752,E1800_551,E185_606,E1686_186,E1262_765,E1787_251,E856_193,E1430_712,E1318_329,E1619_200,E31_91,E1167_637,E847_347,E344_3,E295_224,E303_246,E1693_648,E1121_792,E469_471,E544_510,E1833_222,E1106_698,E1806_23,E1646_586,E1369_718,E792_337,E1816_526,E1017_129,E1617_537,E527_600,E599_773,E300_174,E118_700,E1298_562,E601_583,E784_756,E1829_264,E117_270,E781_458,E962_11,E622_581,E553_227,E1916_766,E1077_272,E983_201,E1284_587,E1303_53,E10_284,E1995_765,E1962_54,E524_382,E433_15,E1253_537,E1271_769,E1720_50,E1935_456,E473_47,E62_673,E255_249,E1333_513,E1588_761,E848_665,E402_101,E1146_166,E1123_563,E1834_452,E177_449,E279_453,E821_652,E972_689,E113_404,E532_793,E1236_705,E1223_133,E1827_284,E211_169,E991_544,E1094_622,E1819_258,E1313_444,E1336_85,E658_394,E180_49,E1272_176,E640_422,E63_13,E627_37,E1692_110,E994_330,E726_296,E230_256,E1742_680,E733_66,E1314_621,E1127_184,E1376_264,E29_316,E1092_250,E930_595,E1743_592,E1184_169,E1243_405,E1400_735,E834_352,E987_775,E53_559,E1114_734,E1041_723,E936_118,E1270_634,E866_88,E954_767,E790_621,E1504_506,E489_203,E354_139,E37_343,E1009_25,E1225_109,E214_553,E911_456,E1618_558,E256_371,E755_196,E1857_359,E604_710,E764_301,E1339_395,E763_717,E1710_405,E756_469,E1777_122,E1429_196,E428_676,E1940_763,E1738_320,E1511_582,E91_345,E1018_50,E101_613,E1328_415,E1667_557,E341_482,E638_675,E1826_514,E1054_320,E165_388,E410_144,E750_325,E1131_519,E745_453,E1025_332,E978_272,E1188_505,E1749_227,E1551_368,E414_623,E938_398,E315_761,E1873_639,E918_56,E523_302,E590_135,E425_538,E1199_45,E1818_250,E1549_93,E960_208,E148_277,E1673_208,E1055_685,E1685_33,E1882_740,E1526_705,E1858_2,E666_165,E1082_317,E1887_364,E1380_404,E1577_30,E714_511,E343_367,E643_494,E307_666,E1601_233,E970_199,E52_189,E42_171,E1180_244,E766_728,E1422_541,E23_149,E367_487,E1040_168,E1352_427,E153_457,E1088_255,E551_87,E1559_150,E245_300,E546_447,E1408_35,E570_252,E571_452,E1608_739,E154_136,E1637_721,E1877_686,E1177_359,E694_589,E471_130,E682_781,E1237_416,E1116_60,E836_332,E630_45,E106_656,E1152_96,E1533_368,E164_544,E1677_400,E522_778,E1961_762,E1426_443,E916_376,E1042_144,E721_658,E1407_538,E1923_744,E1394_311,E45_739,E1492_299,E1387_557,E1802_377,E491_504,E677_390,E702_475,E1246_223,E1519_128,E1905_93,E989_511,E1334_205,E1537_326,E1190_476,E460_258,E1175_80,E199_196,E1767_149,E793_159,E736_697,E82_45,E813_382,E55_471,E391_657,E11_89,E585_454,E1294_502,E1645_611,E71_108,E838_619,E337_405,E480_104,E1635_446,E1341_382,E581_114,E841_265,E362_231,E1528_430,E587_187,E76_588,E1539_613,E1678_275,E1759_180,E48_235,E541_90,E1736_388,E417_520,E1730_536,E582_7,E1189_61,E659_731,E1315_62,E689_211,E72_355,E146_333,E1049_301,E1043_702,E1679_680,E817_201,E448_494,E121_169,E1454_742,E249_597,E479_373,E377_165,E1997_620,E644_541,E380_629,E1050_401,E1793_501,E1636_459,E1991_234,E458_114,E88_108,E329_716,E1624_500,E444_168,E1226_106,E1855_403,E555_316,E686_19,E776_114,E1606_46,E342_193,E805_48,E1104_552,E1609_468,E385_140,E119_670,E1861_307,E1231_277,E1854_34,E51_311,E799_413,E1255_686,E184_477,E880_580,E1896_525,E169_476,E842_240,E22_424,E1620_618,E1534_232,E1265_18,E1785_283,E993_612,E1186_289,E1567_424,E829_520,E1867_10,E1046_589,E767_709,E1903_155,E1700_329,E580_406,E1823_22,E1252_11,E895_693,E1297_307,E1824_290,E1795_766,E518_712,E1404_18,E345_355,E953_715,E1384_89,E722_452,E186_533,E609_386,E1946_60,E1955_569,E869_350,E390_243,E1208_161,E145_589,E1545_23,E923_414,E379_586,E221_644,E1748_9,E669_37,E1921_200,E39_175,E1095_53,E1002_24,E1414_316,E703_271,E65_713,E1973_343,E1170_384,E1687_423,E539_12,E1775_219,E93_169,E1993_167,E1350_522,E1466_204,E1983_691,E1056_719,E1196_169,E910_527,E470_272,E1933_477,E557_630,E1566_350,E1397_518,E917_185,E1789_262,E1164_63,E1064_178,E312_191,E1622_154,E370_6,E378_133,E1752_1,E1889_326,E1763_209,E1870_321,E352_284,E481_493,E1159_509,E142_697,E777_376,E331_776,E884_777,E67_557,E1194_193,E874_340,E413_432,E678_258,E839_779,E49_666,E804_668,E562_19,E298_37,E1626_552,E542_89,E685_362,E239_427,E999_155,E1148_471,E576_629,E1151_569,E941_796,E1814_77,E1782_255,E1535_535,E1247_158,E1085_790,E814_573,E1594_124,E1389_268,E1657_731,E1137_498,E1117_590,E1783_708,E1207_607,E350_681,E914_166,E496_388,E191_90,E109_645,E267_134,E1119_616,E150_714,E798_22,E1489_791,E1518_309,E1166_318,E1963_208,E129_449,E626_37,E579_739,E83_74,E1866_640,E1399_524,E100_89,E1295_696,E952_11,E802_215,E1263_482,E650_126,E346_558,E1245_502,E1488_525,E828_436,E1904_537,E1550_439,E1259_122,E905_715,E1307_760,E728_411,E1883_131,E982_32,E424_388,E1191_416,E1145_642,E1982_411,E613_527,E430_323,E810_649,E1836_160,E1109_170,E1342_280,E1136_461,E1502_419,E1132_139,E1774_568,E236_523,E690_243,E114_590,E1762_234,E1299_330,E1459_417,E749_146,E732_503,E565_783,E765_282,E1382_594,E1651_433,E41_157,E1764_122,E1044_621,E893_84,E964_298,E1974_326,E1741_191,E1556_135,E748_426,E1443_375,E457_246,E1442_557,E549_143,E246_134,E467_732,E326_76,E832_741,E870_589,E1158_323,E1480_110,E693_662,E1662_282,E1895_406,E826_228,E934_758,E679_193,E1015_66,E325_372,E253_760,E707_579,E1527_759,E1906_525,E1950_743,E1409_472,E1932_340,E760_312,E642_507,E1157_219,E1919_481,E1446_711,E260_688,E1444_36,E319_387,E289_94,E1494_486,E875_159,E850_281,E586_221,E1801_319,E313_191,E724_465,E791_348,E660_31,E1596_738,E883_305,E1821_520,E846_129,E907_189,E447_357,E1589_782,E851_589,E1531_561,E294_337,E198_605,E1102_413,E979_99,E1812_471,E1899_492,E360_166,E1344_166,E1209_303,E543_222,E720_339,E1949_374,E220_263,E1381_647,E1876_57,E607_494,E818_789,E122_480,E275_470,E1514_478,E1338_8,E1841_164,E1733_614,E1670_581,E1305_184,E296_532,E1811_24,E528_451,E264_501,E77_564,E559_727,E651_149,E1377_301,E74_505,E595_504,E1718_572,E209_481,E1591_261,E663_752,E151_690,E207_21,E1996_111,E135_325
AMH,0.0,1.4905578682577825,0.0,0.0,0.0,1.5351778754117074,2.258679025007265,0.0050102397930729,1.1498102210750656,0.0,0.0,0.4968436743492983,0.0027125196510288,1.4359838066917223,0.0,0.0,1.0835441129684438,0.0056704688084263,1.9731426178076368,0.0,0.0,0.0022143066873488,0.0,2.079033596161807,0.0037440750474616,1.5042598312982605,0.0052402395770885,0.0,0.0377630562098197,0.0,1.4102648530032185,1.8332011090124405,1.864387073709853,0.0052123020543782,0.0080501364241266,1.5537572305393292,0.0,1.078787023796282,1.760862550283191,0.0,2.2269934501845854,2.172451740361547,0.0,1.740169646027893,1.9250127913252748,0.0,2.317099623440475,0.7180485124822482,1.792578032957428,1.5809588355645785,1.8136196699085871,0.0,0.0281611229440966,1.934902753101148,1.7818374368933234,1.9120116428576224,0.8885248818811681,1.4560649572564284,1.9890394314484927,0.0,1.4157619391372562,0.0,1.9991686262879007,0.0,0.0,0.4571668831714225,0.0,2.7386144188090085,0.0,0.1201938342067302,0.0,0.0,2.5329693693988267,0.0,1.859977868211803,2.0730743421945887,0.0,1.5795270649167226,1.6514988389354928,0.1321671134515301,2.4408490902965747,0.0,2.1678818423556097,0.0054695753296364,0.0,1.1448290011499074,0.0,0.0,0.0,2.0016547808683125,1.6510679034428224,2.22383612060247,0.0,1.889656511695485,0.0,0.0,1.4728585719882958,2.331348329087239,1.892907674329604,1.7783646734056264,2.4552224588343843,1.542836474461914,0.0,0.0,0.0,0.0,0.0,1.5511392921236744,0.0,0.0,0.0,0.0,0.0,2.0837434544888924,2.1605435971065416,0.0,0.0,0.0,0.0,0.0,0.9885493544427896,0.0200707692394272,1.6531563851827378,1.3291999486722252,2.4634549669140533,0.0,1.511546791884668,0.0043656116265037,1.2497005907789454,1.15933427301431,2.1150112355131454,1.9122282318430144,1.7356035522989568,1.703200620739373,1.5273217632225196,0.0,2.094556729542396,2.2248941063419427,0.0,2.847209130216654,0.0,0.0,0.0,1.7948915607955125,0.0,1.711963847752279,0.0,0.0,2.16550496619648,2.1805050942398845,1.5301555234717372,1.64688683319731,1.0003297188959752,1.8866149875132447,0.0181205024561283,0.0,1.7468452517621509,0.0,0.5288296428646166,2.295393801184671,0.0,1.1830156583769933,1.7073120638176498,0.0002735861658381,0.0,0.0,0.0,2.0899115952991907,0.0,0.0161402391741656,0.7799898210898784,1.6574829907357636,0.0,0.0,0.0075722324682999,0.0,1.3802076694018686,2.1370789698472668,0.0,0.0,0.0083061191831716,1.8979495042751968,1.856548008652595,1.4841579084302587,0.8733197872510322,0.0,0.0,0.0,2.6647572005089195,3.1435769792554784,0.0402562826001131,0.0,0.0,1.4601722952811491,0.0,2.32259798358042,0.0,1.6623884739000228,2.248539892540688,0.0,0.0,1.7891913818210494,1.8099582021581468,1.6984862585602567,0.0192167424617813,0.0,0.0,1.7432150379139868,0.0356430748153099,1.8550906842000108,0.0,0.0,0.0,1.4883650281552252,0.0,0.0,0.9676151068384108,0.0,0.0090034541705068,1.7180700445740933,0.1042991623623724,2.2963142184829466,2.13633947372488,0.0,1.6197777362535952,0.0,0.0,2.0792657541323543,0.0,0.0,0.0,1.7688969599132145,0.0,0.0,0.0,1.7061757176624164,1.2942809728082405,1.631258869926076,1.6586429356169117,0.027907171217418,0.0,0.0102644812414517,0.0,0.0,0.0,0.000884626322772,0.0,0.0,0.0,0.0,0.0,0.0,0.0,1.349294695239086,0.0,0.0,1.432419605105314,1.719968140030294,1.3730216570249278,0.0230415914922921,0.0104893715671116,2.131686623421667,0.177025699109893,0.0,0.0,1.4193119662774252,2.0097650965563782,0.0,0.0,0.0,0.0063874959108887,2.070638115813673,1.792268679705259,1.2781011852719908,1.3064887856959186,0.0,0.0130699235522396,1.9114793723517791,2.1295146963064404,0.0,1.9959223243962427,0.0,1.5195154600657823,2.5214686535071467,0.0,2.142259343906459,0.3927672765730564,0.0018798861344196,0.0,0.0,1.9076007434302968,2.0753129333246205,0.0,0.0045335306740348,1.1433095421874555,2.044813750575156,0.0012094629911837,1.7834861650579432,0.0,0.0,2.495282145126226,2.0762954500627484,1.2365369005397324,2.079017549915372,2.5913064019324774,1.586772507286757,0.0,1.855696989666244,1.9218941033615888,1.3440718127044229,2.0258962727175582,0.0,2.155679991684873,0.0,2.051388121885008,0.0059135504420975,2.195007743605595,1.5683144148309158,2.4173583801468426,0.0112156301355839,0.0,0.0,1.8614700403849005,0.0046041493627638,0.0818858626456559,2.0655953392914483,0.0,0.0,0.0,0.0,0.0247578110856935,0.0,1.3448371379552924,1.885149150649308,0.0,2.126854507714384,1.4204124381235232,2.528442868299209,0.0034780682680498,0.0003807014195047,0.0,1.7194874277487142,1.287964019065365,0.1976892317054239,1.4526622831685658,1.60205976774744,0.0192635498108094,1.6788358453920602,0.0,0.008135942483332,1.1205723968750545,1.9651147658148875,0.0016717150835679,1.9188097749430817,0.3831311985658703,0.0,0.0,0.0,0.0,1.661849094747136,0.0,1.190937654021091,0.0,1.878888341586516,1.7475917645096506,1.9625937777045463,1.7800539303389586,2.242234734656716,0.0,0.0,1.6156486522428692,0.0062268675787147,2.130220996324507,0.0089754467015579,0.0,0.0,2.3357073900480465,0.0911497289415662,0.0146312560175404,1.9944141492585576,0.0,1.6823744442842918,0.0,0.0,2.0485166699007404,0.0,0.0,1.8828125401524127,0.0016323075548038,0.0181408297434856,0.0215277009384482,1.857572110687684,1.2774470623005247,0.0,0.3492962466666207,0.1623824605142126,0.0,0.0,1.5471097524362658,1.9994286434285928,1.03268881034233,1.3071309676063307,1.6378668974747976,2.3384873228984224,1.1714410403309925,1.6929404181198646,1.912004315947717,2.3769250376111084,0.0,1.3733271235900768,1.041953063869541,0.0213517924237857,0.0,2.231389223321016,0.0,1.7059862115614466,0.0,2.290478079591247,0.9535833837444104,1.6813823392410143,0.004205585498462,0.2281288419230733,1.2196627084769098,1.3219861751829796,1.309505645772684,1.2633809787819137,2.1473686448725964,2.087652045856958,1.3663520803834477,0.0,0.0,1.4898104737523823,0.0,0.0,0.0,0.8688486713790669,2.4139365605555976,0.0105369761489152,2.3133051190358143,0.0016112334103324,1.1778842589458984,0.0,1.6277977975496458,2.357192438993253,1.6005823241329888,0.3840629669524353,1.8536622598297887,0.0,0.0028591875742937,0.1272429611135273,1.8623604209582243,0.0,0.0,1.329861087034912,0.0,0.0,0.0,2.0847736888865604,2.2589806887903374,1.769675930484946,2.483805244731836,0.0,1.6856716568348034,1.3732251999420335,0.0,0.0,1.3674607395562302,1.468887884839414,1.4968227597749395,1.8183079484308624,0.0,0.0266369986530732,1.7595561954242949,2.3710765346732927,0.0127259100835074,0.0,2.2072298094316194,0.0460898241822285,0.0065183470785801,2.1103340927920367,1.8865205441038448,0.0,0.0,1.6868910604435636,2.017850165080441,1.588800807357169,1.8756927836546908,0.6771685729389961,1.4166495967757609,0.0191341853307525,1.6028094521632437,0.0,0.0,0.0,0.0,0.0198895317538649,0.0,1.93955285408403,0.0530461868485184,0.4144749003701469,1.7105698600272297,1.9920294880543727,1.4125869357269778,0.0,0.0,1.9198909306986809,1.3628036608314928,0.0,0.0068682602951767,1.255421770060533,1.1786548214536317,0.0,1.3463124533161075,0.2200551735933399,0.0,0.0,0.0,0.0,0.0,0.0,1.3026871583995012,1.3566843818421117,0.0,1.335278715356724,0.0,0.0,0.0281812365958091,1.2512803654240707,1.2469003896624264,0.0,0.0,1.8536643823437864,0.0,0.0015144146168519,0.0,1.3747562181155892,0.0060721844204254,0.0099003210809144,2.8748501921295864,1.6858798738524512,1.4857333379584146,0.0299832292489345,1.7281538167672217,0.0168259694864044,0.0,0.0,1.5005674389334789,0.0079046254019997,1.3786638245166385,1.5195469206898369,0.0,2.154948825544184,0.0,0.9324074596419624,1.8072652342012807,0.9046280786863136,0.0,0.0,0.0,0.0012241520742369,1.7763853284261557,0.1520446152334903,2.1509124510016124,1.6042074144621767,0.0298063968704592,2.1711326105364304,1.7719596302957967,0.60355899790079,0.0,0.0,1.6897155610864192,0.0,0.0,1.5582761820490654,0.0,0.0,2.3946024019574126,0.0,0.8709884267848009,0.0,0.0,0.1077739507357157,0.0460105909476106,0.0,1.7954258175767326,0.0,0.0,0.0,0.0059184983095903,0.0,0.0,2.1883933681086414,0.0,1.497257113335903,2.0897954522881794,0.0208569606218307,1.3154049965327488,0.4679195224436594,0.1141362879702816,0.0,0.0115134988785845,0.0,0.0013581377524026,0.0,0.8192326806963057,0.0,0.0,1.5086443641399825,0.0425418946965351,0.0004288496173086,0.0,1.9451210700107373,1.7680815523429068,2.154966222441401,1.637539165546149,2.5378317864105377,0.0,0.1359659246625251,0.0,0.0,1.6692987841690448,0.020609975637164,1.5999973981740456,1.4653437917677137,2.143001601484895,0.0,2.5630531454339183,0.0,0.0,1.7055052845455998,0.0234890105674995,0.0,0.008244201707252,2.2947063968029786,0.6778897908923849,0.0143009887285837,0.0,0.0118476674560034,1.5804685915348484,1.6130588134565504,2.17954143069316,1.839266528470624,0.0,1.7450110982720382,0.0,1.8673945624727644,1.5129470849546869,0.1064552005763089,1.5010852609359833,0.0,1.6578209580915204,2.061994565494866,2.8299425790536006,0.0019278528993803,2.03950060326541,1.6857987245675996,1.7765822789960783,1.499816878183582,0.0,0.0,1.5641969207654551,0.0,2.22036162583509,0.000236308148368,1.4353225296485064,0.017201464170228,0.0,0.0020320658748224,0.0203685666055393,0.0,1.4938254411307808,0.0,0.6062744175182156,0.0,1.8676944737064607,1.8735254830601635,0.0,1.61304285053721,0.0,1.7075809242970523,0.0,2.6977087008146508,1.9858633994034,1.7084313192075176,0.0027378064203972,0.0,1.8511082488687465,2.0744599378507824,0.0,0.1642464656690373,2.1924429701958537,2.026555596764565,0.7597825060682053,2.1651926647635333,2.1925748269853167,0.0,0.0,0.0,1.7819114837042964,1.2337636852150549,0.0,0.0423521568535203,0.0,0.0,0.0067295242738121,0.0,0.9160070751320356,0.0,0.021296653695928,0.0031993070999887,0.0,0.0205749796716625,0.0,1.6768262482793868,0.0,1.8925324575498927,0.0277940272908229,0.0,0.0,0.0,1.7791076228370033,1.0412639767599972,0.0,1.4620802292660529,1.8541890632376383,0.0,1.8455137297220865,1.6929756650361998,1.5910824413937137,1.6694198907843625,0.0176471737511956,1.5681830962752354,0.0,1.2715210225922329,1.3459911716529132,2.3856866080307366,0.0,0.001057835828831,0.0,0.02374153986266,0.0,1.9810948317174648,0.0,1.5633034064223552,0.0,0.0,0.0,1.4939654311763804,0.0,0.0,1.872462224443176,0.9357568985338018,0.0,0.0,0.0,1.805331212319904,2.3642560165885977,0.0464104504265783,1.6191426429343267,0.1859592252000264,0.0,2.541659642366239,0.9535265054848756,1.0232974678055462,0.1310798189820093,1.5310135757974197,1.9744754291389648,0.0166558141512786,0.0,0.0,0.0,1.8321637995948568,0.5635046672707651,0.0,0.0,0.564050688111723,0.0,0.0,1.923192309885405,0.3319883107558008,1.4449231012983907,1.2221101580373572,0.0053966213140399,0.0,0.0,2.0787054475973488,0.0,0.0002412201242809,0.0,0.0,0.0,0.0879265343975765,2.4937716827094936,0.0062337612615999,1.806777430821061,1.8215829614503976,0.0,0.0,0.0134721493608894,0.0,1.8736718192860324,0.0,0.1599141858689526,0.0,0.8957755426282245,2.080192265919836,0.0,0.0048675133556524,0.0014583542666311,0.0,0.0,1.4816525507146452,1.7978111778087145,0.0,0.3413234491116177,0.0008168102159875,0.030152743212243,2.215470987724885,0.0,0.0512995485152915,0.0,0.0,0.0,0.001596359131707,0.0091658029551879,0.0,1.9926623479689256,0.0488643576948254,1.9924077130504445,1.7016422367989044,0.0,1.7159079092081218,0.0,1.9837492393392044,0.0033145044956501,0.0,0.0,0.0,1.661851789475556,0.0,0.0,0.9177809676268756,0.0,1.550875466340048,1.9724077446092616,0.1333069339590628,0.0,0.0082614629558325,2.559861072068496,2.511890528128835,1.7392068315430491,0.0,2.2318071631663083,0.0,2.0135498079116303,0.0,1.4246053166279646,0.0,1.5272037355867396,0.0442631148029734,0.0,0.0063943634266357,1.0218925324139143,1.0822013831087926e-05,0.0,1.010435398848454,0.0,0.0,0.0357824937541305,0.0,0.0029611684536474,1.7779676571404586,0.0,1.2743212647860551,2.030555809605604,2.4066125694980927,0.0,0.0,1.980271036640308,2.2492827409620624,0.0078983185036183,1.4715356727429472,0.0,0.0,0.390721438856282,0.0,0.0,0.0060296913109824,0.0,0.0,0.0,1.4971053569213484,1.500028257924291,0.0362243576626525,0.0037398878742816,0.0042571661691458,0.0,0.0,1.2687006714281828,2.008989621965439,0.0148767303966883,0.0,1.5042638596397082,0.0,0.0581224870792343,0.0,0.0,0.0,2.472819108096787,1.1698824879168392,0.00376008477458,1.5466018154753118,0.0,2.260800188191141,2.038354846396036,0.0,0.0,1.4830983683072545,2.505961530436145,1.9554940538671304,0.1123755806767482,1.8351256460178849,1.2391269574747008,0.0,0.0,0.0017345845000295,1.8361088999080584,2.163534543685891,0.0,0.0270073609365577,0.0,0.0091956674656774,0.0,0.0,0.0,0.0,0.0,1.9220500376182008,2.0218485401309936,0.0,1.917742720034216,0.0,0.0,0.0,0.0320982960308713,0.3956831838792576,1.2045008486145956,0.5323552563216181,1.7315813982692174,1.7228585102386391,0.012919939161197,0.0,0.0,1.7421419817395296,0.0,0.0104275043483869,0.0,1.871824152317776,0.0,0.6113880571640075,0.0678879556552962,0.0,0.5710628263731312,1.8270688977260028,0.0,0.0,0.4969665602159926,0.0,0.0,1.5017707949598709,0.0061252415195067,0.0,1.7160141725501783,1.794408260322107,0.0,0.3263979728429061,1.7794397530926822,0.0016024876968649,0.8908154924683158,0.0,0.0,0.0,1.6790635200856188,0.0,0.0,0.0222946810211071,2.277585516017929,0.0,1.9346267649522144,1.5200839764574217,1.5705251638366964,0.0,0.0093365291097431,0.0,0.0,0.026898765417042,0.0226976885832258,0.0084108578552905,0.0009933401734558,1.4906967612441209,0.0,0.0,1.716659463983343,0.0,0.005838190220177,0.0,0.0,1.128090940555092,0.1469854917034924,2.2258132659295105,1.5607039638381732,0.0,1.8805828658310573,0.0,2.4463407340640497,1.7239641764902491,0.0,1.5841458464971068,0.0,0.0082902759281691,0.0,0.0,0.0,0.0,0.0,0.0157202587469846,0.0,0.0955218569349362,0.0,0.0,0.0202841334161509,1.7791176733683538,1.3907256677220838,1.8588778488575293,1.936735518193847,1.7976192866563192,1.875137731401209,2.29958171140763,0.0,0.0,0.0072411477345044,0.0,1.9456156010606769,1.6853626401671291,2.017505385357324,0.0202179551384689,0.0,0.8374993798396354,0.0,0.0,0.0,0.0001314704442416,1.6666316922736504,1.8247674121936688,1.6325649762653305,1.955595826863428,0.0,0.0,2.0553518976423,0.0,1.8432812009118995,2.038527180632088,0.0,0.0,2.2958053596908776,1.8649761100654,1.7541136233960015,1.6720332143924688,2.428564777490012,1.6240573314866635,0.0,0.0,0.0,1.859890465872748,0.0,1.6904324313911585,2.558173599092904,0.0,1.8379599273152736,0.0,0.9160679006732246,0.0,0.3196300753369178,0.0,2.03873075056538,0.0,2.10237363758217,1.9308363489214,0.0743209839759975,1.6075462410293566,0.0024397731700812,0.0612336064860465,1.2219883673789582,0.0,1.9788054756266664,1.7044267716924768,1.4843126522941454,2.0468511078129734,1.7415858440164556,1.1983372103305312,0.0007537397845386,1.9086926797968755,1.2734904901703332,0.0,0.0,0.0,0.0,0.0,1.6958359154227378,1.1064166429709426,1.7694841758149582,0.0,2.3117892801724587,0.0,0.0,0.0253676874335154,0.2167141924204265,0.0,0.0006107652953139,1.8805518932961705,1.9848199522122207,0.0,1.90559448712089,0.0,0.0033008948621984,0.2900697275463991,0.0313450260984026,1.5461877758080704,1.7054828615553248,0.0,1.8449726509217337,0.0,0.0064443534135192,0.0,1.6402199193594913,0.0,0.004343215101065,0.0,0.0,0.0011949119906455,0.0,0.0,0.1024521952105365,1.76023621331706,0.0,0.0,2.000368405953485,0.0,1.277153265119126,1.8726463269995155,0.0,0.0,1.8361040933911368,0.0,0.0091366820212582,0.0,2.241810213520811,0.0094321383240135,0.0,0.0,1.8411263751544988,1.8265219949957645,1.382120152770532,1.96953410819484,2.1874275429802617,1.5570130265693485,0.0,0.0,0.5893464493100508,8.360315701528339e-05,1.960634590122709,2.0204575054768483,1.6352970136742917,0.0,0.3982802698393339,0.0,0.4628421132557095,0.0,0.0016454292576709,0.0046586501757091,0.0,0.0,0.0079411566802272,0.0083503447259361,0.0,2.044538916154332,0.0,2.02751437511966,0.0,0.0,0.0208731396876121,2.007376280100837,2.19397339178494,1.603405401702272,0.0255184740729317,1.493576245418906,0.0,0.0,2.086545383797279,0.5738116727734887,0.0,0.0172162885400146,0.0,0.0,0.0133108657040128,0.0,0.0,1.2622062436780754,0.0,1.2528122658631116,2.4751452811544685,0.0,0.173361538714602,1.2247093274226943,0.0,0.0,2.525588784234132,1.4129076847756843,0.0,1.5447932315634136,0.0,0.0,1.7600806820002155,2.423961025915922,2.3055439409852743,0.0137854562626337,0.0,1.5389911479260994,1.7327792203082812,1.2659948621981116,2.302140397045344,0.0,1.6077392809022246,2.18072244454401,0.0,0.0,0.0
CBX2,0.0,0.012984890992465,0.0,0.0005084126090684,1.356833798157408,0.0,0.0,0.0039960263552095,0.0,0.0,0.0,0.0,0.5719894009196035,0.0,1.805760624516604,0.0,0.0039645585642374,1.5594948801427893,0.0,0.0003709276670826,2.0700079455089724,0.0,1.612163103699768,0.0,1.3214125954214917,0.0,1.4520154146712134,2.2468164050740365,1.514575140014682,1.5781968455063615,0.0,0.0537859124377653,0.0,2.118523435496872,0.1488681870260799,0.0123642550954942,0.0,0.0,0.0,0.0167097905855582,0.0953422416064117,0.0,1.7596070093515772,0.0,0.0402775196268461,0.0032807747125632,0.0,0.0,0.0,0.0,0.0,0.3458820169271564,0.7847129009725552,0.0130687592166914,0.0,0.0075812354603871,0.0400870226428203,0.0,0.0,0.0,0.0826591153304707,0.0,0.0,1.4906694027992584,0.026468936669281,0.0083515601086953,1.7630656888018397,0.0,0.0,2.53502707669668,2.1197587564123053,0.0,0.0,1.6086772528142874,0.0,0.0,0.0,0.0,0.0,0.0,0.0,2.8290764346538992,0.0,1.4137261947183128,2.121758818772097,0.0,0.0,2.358130397242165,0.0,0.0,0.0125413806858808,0.0,0.2488316211071312,0.0,0.0079819653765795,0.0,0.0,0.0115050191206151,0.0,0.0,0.0,0.0017249926251614,0.0506169681871933,0.0,1.548127930634113,0.0,0.0,0.0141139090027714,1.7062131508411598,1.5988315237785076,0.5298556917313544,0.004288010816326,0.3552650982029129,0.0005425206452811,0.0016986011738397,0.0187115287643827,1.9384798191142047,0.5051197844067383,2.2395194369632936,1.73282683170282,0.0327696773520191,0.0,0.0,0.038530737025953,0.0,1.5711813833266552,0.0,0.0030364906939069,0.1359696084519583,0.0,0.0,0.0009881822759227,0.0,0.0,0.0,1.9169125181952755,0.0,0.1215559294895068,0.4224684048918318,0.0,1.838291424181537,0.0,1.5238491636146765,0.0,0.0,0.0630320526721087,1.5236516887528526,3.144858224075036,0.0,0.0,0.0,0.0,0.0,0.0,2.163319775815494,1.82837943701382,0.0,0.6331632197888984,0.0,0.0,0.0,0.0,0.0222488295250342,0.0042638393636557,1.7409651515426705,0.0119003997925447,0.0009748893902932,0.0,0.0220251511868609,0.0,0.0038818695819789,0.0,1.8307551750363145,0.0111353962611521,1.7192885991096474,0.006682375947999,0.0,0.0,0.0,0.0123454228800544,0.2250946040116606,0.0016760335422376,0.0,0.0,0.0,1.9488386408082936,0.0323623002492647,0.1100212768291767,0.0,0.0,2.025345789056293,1.3673521382974043,0.0,0.0,1.062817668135422,0.0,0.0358628999553101,0.0,0.0257756108628156,2.236714555726212,2.088163981973933,0.0,0.0719837735341686,0.2424993781460397,0.8394420622546456,0.0,0.0,0.1350469594984713,0.0035147048528616,0.0,0.0,0.9435661989197436,2.1065793196199434,0.0,0.7066912555692485,0.0011404932329696,0.0342864609221545,0.0,1.4906612946759956,0.0,0.0,0.0,0.0,0.0191121344384352,0.0,1.6292131773732128,1.3035941229259818,0.0,2.248813272088436,0.0010412772903944,0.0,0.0,0.7800311788000484,0.7272214889259901,0.0,0.0,0.0,0.0180235824743319,0.0,0.0,0.0018937999959185,1.5442474600891865,2.5849255791696404,0.0087413534709482,0.0,2.3202907117931257,0.0,1.5255962960136098,0.1190159081421676,0.0199195719896545,0.0,1.5893100004346183,0.0048122920694937,0.0,0.0,0.4679720072679826,0.0,0.0,0.0086839189108426,0.0,0.0060174116830942,0.0,0.0,0.5458757478898629,0.0016114089456354,0.0,0.0973979162534982,1.7001604809101905,0.0,0.0907602271499269,0.0,0.0,0.0,0.0,0.0,2.2472716876050307,0.0331724929426322,0.0013430834164958,0.0219284729237754,0.0,0.0,2.0050273794874287,0.0069669228571992,0.0,1.1781276224642705,0.0,0.0,2.1437917701437974,1.5051562203961653,0.0,0.0,0.0,1.849314896998648,0.1437478641633998,0.0,0.0,1.8339996235973304,0.0,1.6904944812688194,1.28871932936582,0.0,0.0,0.0,0.0158479203168036,0.0,0.0302223166923695,0.7349935753477098,0.0,0.0220767956585334,0.0,0.0217525146269343,0.0906841642038053,0.0,0.0,0.0,0.0,0.0,0.0,0.0010149425148994,1.6960603869603716,0.5918782017610853,0.0,0.0068498224374,0.0,0.0022321095424365,0.0,1.2172048981663697,0.9872663638324248,0.0122826768582574,2.006511943128249,0.0199408609194113,0.0177356560432477,0.0,0.0,1.5915800300731806,0.0,0.0,0.0,1.956528217824232,0.0325617626188164,0.0,0.0323590215007169,0.0,0.0043164320723928,0.0,0.0,0.0,0.0,0.0,1.8331390871331408,0.0,0.0,0.0586789074006387,0.009170849677611,0.0,1.7773088869984766,0.1919000031446776,0.0221188175285016,0.173341860289248,0.0,1.726065230409746,0.0,0.0,0.0174279552566474,0.0056387940903861,0.0,0.0,0.0,0.0,1.7250473391875736,0.0,0.0100439924149621,0.0150822068181584,0.0,0.0,0.0,0.0,0.0,0.1983163518948829,0.0981721991496492,0.0169878301754697,0.010451545710034,0.0203511563456428,1.6192647130801792,0.0159841167588418,0.0020242141449971,0.0,0.0,1.7219255666734878,1.766318812063151,0.0,0.0079601355788809,0.0047945571522787,0.0890378467525479,0.1303592545310346,0.1006163509895292,0.0112302710477323,0.0,0.0,0.0132223367875865,0.1990932251013216,0.0,0.0,0.0,0.0136178726539565,0.0,0.0,0.0,2.046143312919288,0.0,0.0,1.4918710033197522,0.0,0.0,2.099272858233416,0.0,0.0,0.0,0.0,0.0,0.0,1.6075747559408629,0.0,0.0002330010254587,0.0,0.0,0.0,0.0,0.0076592259199939,1.5610934600847806,1.921045276335496,0.0,0.0,0.7090928688072705,0.0,0.0,0.0582577674970736,1.2294496759540483,0.0423993185483826,0.0001776714938105,0.0242072009511168,1.8327978418378488,0.0394998143450018,0.0,0.0,0.0,0.0,0.6531009972729772,1.6411908394233117,1.6109179717436608,0.0,1.688915691403375,0.0019685967769493,0.0,1.883428102375958,0.2645779154187583,2.158356121056333,0.0,0.0009996378881718,0.0027096178647982,0.0,1.7741512550279188,0.0008076859263576,0.0,1.5389272534774774,1.838522565808807,0.1039383187655451,0.116409914308408,0.0,0.0163061437155066,0.0385250403021055,0.0,0.0300680735326962,0.0430853197381947,0.6453453543451646,0.0,0.010975344110378,0.0,0.0,0.0060196691782501,0.0,0.3130374353776225,0.0033259587311063,0.0,0.0041485007407394,0.0,0.019141000570341,0.0,0.0,0.0,0.0,0.9830656322591834,0.1606640971471802,2.2359373917191965,0.0539249458959239,1.9627226996626048,0.0,0.0,1.923525325597136,0.0,0.0,0.0,0.0,2.0198815381083794,1.100603060864426,0.0161454615588669,0.0,1.3125581321458708,0.0006923552454086,0.0,0.0,1.8743124832678104,0.0,0.0,1.8678565080614729,0.0,0.0152661474294934,1.4189339543065231,0.0036216299806664,0.0,0.0,0.0104277243934895,0.0085587947497289,0.0,1.5844723673543857,0.0164020491373897,1.8408101669177483,0.0,0.0459011415645929,1.6694279803947492,2.0149795355120257,0.0,0.0,1.594163023315864,0.0,0.0,0.0,0.0,0.0034185143880218,0.0011921037097743,0.0,0.0,0.0122600564991128,1.991271400635425,1.187160980066456,1.995663818098982,0.0,0.0,0.0033177183956858,0.0222887295735346,0.0685459224380103,0.1820549484628298,1.8178664297113285,0.0,0.0,0.0,0.0,1.3541751577619392,0.0,0.0,0.0241305009043993,0.0149759864649698,0.0,0.0007325597209439,0.0102064232926527,0.0,0.069555379999394,0.0478463120105558,0.0,1.6783631982384946,0.0471540236218964,1.2487141113360491,1.2932882257550684,0.0,1.9303674600268688,0.493708488594241,0.0,0.0076991637513074,0.0018754066233146,0.9599735569058572,0.5541634190367023,0.0,0.0,0.0,0.0,0.0,0.0,0.0,0.0,0.0784643767339226,2.6568123034935223,0.0,0.0872563047406522,0.0,0.0,1.627416714020555,0.0,0.0924609578380011,0.8664505768127169,0.0,0.0,0.0186003850456906,0.0260180977309852,1.1687851064704424,0.0,1.6978925541696426,0.3386702506499505,0.0056773377054665,1.5988897258681236,2.2994514982816425,0.0,0.0023388543732981,0.0537521531151523,0.0137893045725798,0.0,0.0,0.1211190453655756,0.0,1.7966440322331083,0.0011949510432778,0.0,2.119106718059724,0.0,0.0,0.0,1.7273368976840269,0.0,0.0160535285594134,2.2889158837180554,0.0,0.0,1.9099163192571569,2.512933970992333,0.0,0.0315535188393896,0.6371990083068979,0.2111311718749549,0.0,0.0002278640580516,0.0,0.0,0.0,0.2120619361304793,0.0,2.478359339485748,0.0,0.0,0.0229963449226323,0.0011879275739366,1.325329816392926,0.0,0.0,0.0023451757666392,0.664232891429013,0.0,0.0,0.0,0.0,0.0,0.0,0.0,1.19576286554421,0.0,0.0,0.0,0.0,0.1057385057682992,0.0,2.0212057651665547,0.0,0.0,1.6755376704041205,0.0960523764389315,1.3650870716313124,0.0012628079230148,0.0,1.6378911486512884,0.0,2.147311775660276,0.0249419379076425,0.0,0.0,0.0,0.0306313667052256,1.7130992055088297,2.1754685645418905,0.0,0.0015874934971567,0.0,0.0,0.0,0.0272640167169404,0.0074001063158765,0.0604027443696035,0.0,1.8310928471926853,0.5106004607002295,1.6694439428108672,0.0955589246062425,0.0014178942324047,0.0075047375418475,0.0,1.8459946287862103,0.0,1.5581967849537484,1.3006866615106274,0.0180937614333514,1.4188932461328008,1.9737933108853567,1.838362136711314,0.0,0.0,0.0063940414984188,0.0,2.1621575063263405,0.0,0.0,0.5810472860547129,0.0,0.0,0.0,0.0,1.463558117461415,0.0,0.0323945597414261,0.0,0.0,0.0045270806030461,0.0,0.0509363960688314,1.0007072611489232,0.0027327045859848,1.5639341734996426,0.0,0.0,0.0848486119345178,1.7949113927076046,1.650893419853079,0.0,1.5036507356705269,1.700780749567973,0.0,0.0,0.0,0.0,0.8388637965542255,0.0,0.0,0.0222848158309809,0.015282322623302,0.0,0.0043632825371362,0.0,1.9223143479735032,0.0,0.0,0.0,0.0,0.0,0.0126175371586121,1.6004991899963934,0.0157910365241894,0.0169856886987708,0.003461993654916,0.0016305225583423,0.0,0.0144426373427758,0.0,0.0,1.8552758563515657,0.0,0.0,0.0219912419479113,0.7799071641008685,0.0,0.0150665835402217,0.0067912209351034,0.0038234121143515,0.0500202941897975,0.0,0.0,0.003973993572018,1.7024040918559866,0.0,1.6237824312276885,0.0868778282418956,2.251212417129313,0.1115314521976742,1.9437887461631151,1.1534535178915264,0.0,0.0,0.0010071153051853,2.0757352407938816,0.0,0.0,0.4230615647872288,1.9495801645453232,0.0,0.0161031168957473,0.0,1.6159874719025409,0.0,0.0,0.0,0.0,0.0250598224083205,0.0,0.2363185060023297,0.5607774934806506,0.0,0.0,0.0,1.4681353399770765,0.0,1.1408417966453066,0.0139158189113228,0.0,0.0865628800435577,2.2045425593628685,2.1697732037133703,0.0,0.0,2.045820174562228,0.0174563180234752,0.0,0.0052414214149732,2.156650086333106,0.0,0.0014317254445208,0.0,0.0,1.8224346699496992,0.0,0.0,1.5235915629120689,0.0,1.948299169526667,0.0,1.6071068309435752,0.0,0.0,0.0842541438959778,0.001120512230608,0.0,0.1835125991208166,0.0,1.8869674089565736,0.0289633696633498,0.0393139476165032,0.0,0.0096027076175667,0.0,0.0,0.0010707074234811,0.1038992807497151,0.0,0.0176375763203196,0.0339575582713075,0.6151172568234395,2.2177549548398567,1.6446508427843898,0.0,1.3799321681985133,0.0064926774637112,0.0003589885968244,0.0018213100170181,2.3488023214970566,0.0031166744497691,1.9115470250058784,1.0060284342481989,0.0264145181193944,1.5345138962510458,0.0,0.0,0.0656305948144761,2.185646129156752,0.0,0.0,0.0,2.0401192689308565,0.009130535048436,0.0,1.9001514375614712,0.0,0.0,1.5997268298052054,0.0,1.0636093226993415,0.0016759505527815,1.9311999924592536,0.0052977288654098,0.0003523377840218,0.024557979890521,1.375851369024783,0.8465669285934179,2.29935416072245,0.0316691966699842,0.0019294018802512,0.0001747448869861,1.080414336158273,2.3264834892578903,0.0,2.3468503904397866,0.2563997658366221,0.0,0.0,0.0,0.0,0.0,0.0,0.0,1.6544547827947598,0.0,0.0,0.0179410261494502,2.320882084359261,0.0133590512280503,0.0,0.0,0.0571882508401606,0.0,0.0,0.6572101417549645,1.8783644100139447,1.9010456902409447,0.0,0.0,1.819014480813304,2.570359715169805,0.0169837388558463,0.0020227643776726,1.2753121927354265,1.966459658393494,2.5328656128398253,0.1070550484683615,1.5162116357207018,0.0113173583400207,0.0,2.061948650359367,0.0,0.00079312755906,0.1244924066505302,1.8845712724484869,0.0,0.0,0.0,0.0,0.0027005421121462,0.0198565946726618,0.0,0.1690544590932576,0.0080112850283049,0.0,0.0,1.9321487614542567,0.0,0.0,0.0,0.0,0.0062139533676713,1.4307610008459952,0.0,0.0381551675062096,1.400489751933029,0.0,0.0049623264629468,1.84382391288466,1.3704407113826171,0.0,0.0,0.0,0.0067547721780814,0.0008496227794134,1.0277762778340191,0.006409953248074,0.0,2.0157165269382493,0.0,0.0,0.0059602681460881,2.1046918391811347,0.0309867511483464,0.0264294316435163,0.5543501049371977,1.386109132287806,0.0,2.2916118058535115,0.0,0.0,0.0,1.3220356365161696,1.4542558735405104,0.1154535665816286,2.478801822246015,2.0858637168244263,2.1060129370107363,0.0533132188603592,0.0,0.0327684223586013,0.0,0.0,0.0,1.4223474917358208,0.0,1.5919941821150227,0.9141144962729728,0.0378979914553854,1.1715994133251535,0.0058164805969532,0.0014778808245666,1.3445321697530137,0.0517053783066691,0.2305782759948389,0.0,0.0894069394689393,0.0,0.0,1.1199563308457203,0.0,1.6132388340317672,0.0,0.2363951824843641,1.9219357505604768,0.9370737276832732,1.9458375467289264,0.1804018685469243,0.0106372189643942,0.5036130431727647,0.0,0.0,0.0,0.0,0.0,0.0,0.0,0.0393667962532069,0.0,0.0,0.0,0.0,0.427014786185381,0.0,0.0064946222852053,0.00198551031517,1.5514224414538011,1.8664480811449768,0.0,1.841045194790573,0.0,0.0,1.6607103684143452,0.0,0.000935495250594,0.0034163751796216,0.0378138016375196,2.3280926392933314,0.0047209694093154,0.0,1.951019531758092,0.0,0.0,1.6934766281411002,0.0,0.0,0.0,0.0,0.0645737071281263,0.0,0.0269684879981654,0.2650506511983023,0.0,2.4462458060114702,0.002013821995535,2.0235880067745926,0.0024989537344853,0.0,1.4901628815295471,0.0,0.157911014857171,0.0,0.2397994860916656,0.0,1.5942623859487544,0.0,2.017349329150796,0.0,0.0,1.8532160706557568,0.0,1.2266263131497095,0.0076587917671794,0.0,1.5510910614404896,0.0,0.0,0.0,0.0,0.0,0.0,1.3431622312849885,0.0,0.0,0.0,1.8824083038534416,2.219918233346105,0.0,0.0035104686334224,0.0275221244650054,0.0,0.0,0.0,0.0,1.847376615046771,1.9663002558084843,0.0007793017129539,0.007802139673109,0.007346392889967,1.9192174438420893,0.0,0.0017170946336557,0.0300383402304827,0.0902920841694768,0.0,0.0,0.0,1.7301710669372148,0.0,0.0460677675619922,0.0,0.0,0.0431603719072543,1.427684611378691,1.658572023303346,0.0,2.3008129535017456,0.0,0.0013731481759056,0.2272454065213601,2.0184531644933874,0.0686074336896797,0.0,0.0947394186761546,0.1027596274857798,1.477996026376844,1.7132297341663334,0.0,2.282805163755933,0.0419637442684317,0.0,0.0,1.8794283533423684,0.0,0.1748420359193816,0.0216721551252856,0.0036022135097554,0.0,1.2766088514985865,1.9594525497659017,0.016489880274985,0.0,0.0,0.0,0.0012501189098225,0.0,0.0303923819055573,0.0,0.0,0.000658631217186,0.0,0.0009801342723471,0.0,0.0019331131730557,1.4520062085015892,0.0,2.1557436904950045,0.0,2.095659799413628,0.0217489665965931,0.0,0.0090224462489157,0.4955056357186165,0.0,0.172020606307088,2.102979250740367,0.0,0.0,0.0,1.8217644279165288,0.4585888048108864,0.0027874533690763,0.0131919053892106,0.0059602806429994,0.0,0.0,0.0054049820371214,0.0035793984527057,1.976486602318148,0.0003273603643025,0.0,2.003771409224665,0.1866418053232809,0.0963872820477679,0.0,0.0,0.0620733769279749,0.0,0.0116345325073186,1.720780089481515,0.1174047912346449,0.0,0.0,0.0,0.0,0.9461724741713022,1.0822490201628594,0.0,0.0,0.3280005633961431,0.0,1.8129515254020945,0.0111101083354361,0.0,0.0,0.0,1.8218595814627727,0.0,0.0016088557863419,0.0,0.0,0.0,0.0,0.0,0.0,1.3074016742571255,2.0496041628801005,0.0
CTNNB1,0.0,0.0,0.0443854439344815,0.0,0.0,0.0,0.0328263822745179,0.0,0.0,0.0,0.0073611213995397,0.000558317107553,0.0,0.0,0.0020066726710426,0.0,0.0002287412421372,0.0,0.0065204773894378,0.0,0.0,0.0,0.0,0.0,0.0044446164360659,0.0,0.0,0.0,0.0124028512391162,0.0,0.0,0.0,0.0,0.0,0.0,0.003494877286475,0.0,0.0,0.0,0.0109105493110647,0.0,0.0064982421320549,0.0,0.0655510422476548,0.0,0.0,0.0468891058663315,0.0,0.0360359844464467,0.0,0.0,2.1626512297213347,0.0,0.0003818888595577,0.0002268106106653,0.0,0.004503531877307,0.0017952638172641,0.0,0.1692418962216662,0.0,0.0,0.0132918535691953,0.0,0.0,0.0,0.0,0.0,0.0,0.0,0.0084398032480281,0.0,0.0,0.0,0.0,0.0,0.0,0.0,0.0,0.0079451183673592,0.0,0.0,0.0,0.0,0.0,0.0004198949824168,0.0,1.0429356382983632,0.0,0.0,0.0,0.0,1.7224512546277932,0.0,0.0194608918437067,0.057850815005119,0.0,0.0,0.0087352869307435,0.0,0.0,0.0,0.0968224137394641,0.0,0.0,0.0,0.0,0.0,0.0707941431290106,0.0,0.0311188407603992,0.0,0.8789576025618993,0.0047868208703861,0.0,0.0,0.0187280054976993,0.0617550282714179,0.0,0.0,0.0,0.0,0.1221567419414292,0.0,0.0209757386148497,0.0,0.0,0.0130789407922241,0.117174587614878,0.0,0.0389606687937073,0.0,0.0,0.0602769388590386,0.0,0.75621692491552,0.0,0.0,0.0,0.0068866720104554,0.0,0.0,0.0,0.0118660170825875,0.0,0.0,0.0110805535426677,0.0149335763558412,0.0,0.0155531504594238,0.0,0.0,0.0,0.0,0.0289294904003622,1.3638374433727771,0.0,0.0,0.0175890458810155,0.0275354524289985,0.0009537138791998,0.0004231368839199,0.005730271070563,0.0307312256740896,0.0,0.0,0.0,0.0,0.0,0.0,0.0,0.0,0.0,0.0,0.0,0.3528122891165429,0.0,0.0042990420021501,0.0,0.0,0.0,0.0089596292112836,0.0,0.0197835487386477,0.0282451490185956,0.0,0.0,0.0,0.0201277804455143,0.0,0.0148658329324202,0.0,0.0,0.0,0.0,0.0126730749249027,0.0,0.0,0.0,0.0,0.0,0.0045599999335378,0.0,0.0,0.0332235908961088,0.0,0.1359868467147207,0.0,0.8463870902150866,0.0,0.0308312985775182,1.8038106486518528,0.0310930169327108,0.0102936153260126,0.0,0.0,0.0137899680659484,0.0161601064405679,0.0449916886299125,0.0207616050239322,0.0,0.0,0.0,0.0030011959805088,0.0,0.0,1.1110884810298365,0.0,0.0,0.0,0.0,0.0052854826402669,0.0,1.2243086131196608,0.0,0.0,0.0,0.0,0.0,0.2311786590029012,0.0,0.0,0.0,0.0,0.0,0.0,0.0,0.0245922233942845,0.0,1.5329449172012024,0.0,0.0,0.0,0.0,0.0,0.2994938826074528,0.0,0.0,0.0,0.0,0.0,0.0,0.0,0.4036092690593125,0.0,0.0,0.0,0.0015349407216633,0.0,0.0,0.0483869182001561,0.0,0.0,0.0,0.0,0.0,0.0,0.0,0.0,0.0,0.0,0.0,0.0,0.0,0.0,0.0,0.0,0.0,0.0291158830777239,0.0,0.0,0.0020815324965499,0.0,0.9239221998128606,0.0,0.0,0.0,0.018575114988878,0.0109439880790389,0.0,0.0,0.0059094119331291,0.0,0.0,0.0,0.0,0.4334633407395072,0.0,0.0,0.0,0.0,0.0,0.0,0.0042002615385621,0.0169369554022737,0.0159209651721248,0.0,0.0,0.0013116231389499,0.0,0.9670990587368544,0.0,0.0,0.0019187402974955,0.0098564289411526,0.0,0.0,0.0,0.0,0.0,0.0519085114535008,0.0,0.0359192888142045,0.0,0.0,0.0,0.0,0.0,0.0165811014573394,0.0,0.0,0.0,0.0,0.0,0.0,0.0,0.0,0.0,0.0,0.0,0.0,0.0,0.0,0.0,0.0,0.0,0.0012420193867455,0.0035747861096222,0.0,0.0,0.0,0.0050695070403934,0.0,0.0015148516097722,0.0,0.026635002720962,0.0,0.0129961261389316,0.0065975930042858,0.0,0.0,0.0,0.0,0.0,0.0,0.0004398974581955,0.0,0.0,0.0,0.0,0.0,0.0008558664463028,0.0063331596305194,0.0,0.0,0.0,0.0,0.0269252975324314,0.0,0.0,0.0,0.0,0.0,0.0,0.0,0.0,0.051274996609314,0.0,0.0,0.0,0.0,0.0,0.0,0.0,0.0,0.0032078025222409,0.0,0.0091254036415975,0.0,0.0,0.0,0.0,0.0,0.0143289119841858,0.0,0.0,0.0560119124951446,0.0,0.0,9.291349999358216e-05,0.0,0.0,0.0,0.0056477955025278,0.0,0.0,0.0,0.0,0.0,0.0,0.0566966964359372,0.0,0.0,0.0279476533488085,0.0,0.0,0.0,0.0,0.0,0.0,0.0,0.0,0.0,0.0,0.0238677262924809,0.0,0.0147151607239052,0.0,0.0,0.0,0.0,0.0,0.0,0.0,0.0468414057666003,0.0,0.0034057738928876,0.0,0.0,0.0,0.0103654174782969,0.0,0.0,0.0024499255370808,0.0052064517131362,0.0,0.0,0.0,0.0031599056205772,0.0057923178930268,0.0,0.2327603084486885,0.0,0.0183798214168083,0.0,0.0,0.0180852143789835,0.0096559102959984,0.0,0.0,0.0146599428228526,0.3225072118249439,0.0,0.0,0.0022684856985013,0.0,0.0091837984467704,0.0,0.0019073613516787,0.0239999595996679,0.0,0.0,0.0,0.0,0.0,0.0,0.0,0.0,0.0,0.0,0.0,0.0177285799091384,0.0,0.0,0.0,0.0,0.0,0.0,0.0,0.0,0.0157535340296249,0.0,0.0,0.0003135155342401,0.0,0.0,0.0,0.1717452923779416,0.0,0.0,0.0,0.008959767155021,0.0,0.0,0.0,0.4676735713522957,0.330570261921787,0.0009959244252394,0.0059562849434089,0.0,0.0,0.0105210512656695,1.0217223439051488,0.0,0.0,0.0,0.0,0.06078565226378,0.0014570421434095,0.0315398664470506,0.0019049002932741,0.0,0.0,0.0074826319312244,0.0,0.0131752008949907,0.0,0.0,0.0260703760551945,0.0,0.0,0.0,0.0,0.0062795383694842,0.0042535124569384,0.0,0.0211535531350864,0.011989473482341,0.0087311831225951,0.0,0.0,0.0,0.0,0.0144351912124502,0.0,0.0,0.0196278131873082,0.0,0.0,0.0,0.0,0.0,0.0,0.0079595872699909,0.1013474053791133,0.0,0.0045277954615921,0.0,0.0,0.3311506265806745,0.0,0.0,0.6597635263638513,0.051402295341016,0.0297100550341998,0.0,0.0,0.0,0.0063951423002315,0.0,0.0,0.0,0.0,0.0,0.0,0.0,0.0,0.0,0.0,0.0,0.0094228008031099,0.0,0.0,1.1784203582670387,0.00478831115807,0.0,0.0,0.0043082910065434,0.7952171636409271,0.0,0.0,0.0,0.0,0.0006258481066159,0.0,0.0,0.494849330810462,0.2733564027015849,0.066437058414118,0.0,0.0,0.0,0.0,0.0,0.0,0.0,0.0,0.0,0.0562110009738175,0.0,0.0078556483799514,1.3325181433713889,0.0,0.0,0.0,0.0043304467660533,0.0,0.0,0.0257810310115377,0.0,0.0029527634180707,0.0,0.92056992276257,0.0,0.0,0.0283096962998671,0.0,0.0,0.0,0.0,0.0,0.0,0.0,1.1224473221625637,0.0,0.002389638891758,0.0,0.0,0.0,0.0,0.0010020574952586,0.0118842400294477,0.0,0.0984082629013547,0.0,0.0,0.5425511493765759,0.0176428428853484,0.0,0.0,0.0,0.0,0.0,0.0,0.0,0.010125611922725,0.0044624330195234,0.0095199076495837,0.0,0.0,0.0,0.0136690769956779,0.0046000274519356,0.0487610204097374,0.0,1.4304683914181409,0.0,0.0323050646143795,0.0,0.0,0.0,0.0,0.0122955699466687,0.0194040258120962,0.0,0.0,0.0,0.0,0.0,0.0008605775845051,0.0021611069808111,0.0,0.0,0.0,0.0237286657051193,0.0,0.0,0.0,0.0029001158247301,0.0007105408772952,0.0,0.0397356150327954,0.1068091102685736,0.008175700067095,0.0,0.0033898557908355,0.3870069373348152,0.0457497269209081,0.2308238830927424,0.6738557058050568,0.0,0.0,0.0,0.0003907897707044,0.0,0.0,0.0936661378022835,0.0,0.0442669585057706,0.0,0.0,0.0024628399511297,0.0,0.0,0.0136958832015645,0.0,1.5595996273551092,0.0,0.0,0.0,0.0,0.008072112408713,0.0,0.0044520656918025,0.0,1.078088300097605,0.0010948555032836,0.0172584564618543,0.0,0.0,0.0,0.0,0.0,0.0155520872154572,0.0,0.0,0.0,0.0,0.0,0.0,0.0,0.0,0.0132992811532488,0.0,0.0103121030941929,0.0,0.0359532791067744,0.0,0.0252618784001293,0.0,0.0074465568000976,0.0,0.0,0.0,0.1303137453805344,0.0019431534422543,0.0,0.0,0.0,0.0,0.0,0.0120225589738712,0.0,0.0,0.0,0.0346889899966064,0.0,0.0,0.0132850931472543,1.2428745158553642,0.0068220215718733,0.0,0.0,0.0,0.0,0.0,0.0115921263964137,0.0,0.0,0.7694635345106285,0.0111058196536628,0.0,0.0,0.0005967477615697,0.0,0.0,0.0315150495067164,0.0,0.0,0.0688112346900083,0.0,0.0,0.0,0.0,0.0020662168374975,2.367816158371588,0.0,0.0,0.0172487875769334,0.0026696572197154,0.0,0.1129187335491022,0.0,0.0,0.0501078515038603,0.0,0.0,0.0,0.0,0.0192996983787084,0.0,0.0153294927243896,0.0,0.0,0.0,0.0,0.0,0.0,0.0263707783397289,0.0066554213660679,0.0519954027159619,0.0,0.0,0.0069962773527709,0.0,0.0,0.0,0.0,0.016992505377825,0.0,0.0,0.0,0.0,0.0002759927510407,0.0073568057285666,0.00625756298562,0.0,0.0,0.0080502752118425,0.0,0.0,0.0004891508448528,0.0,0.0,0.0,0.0008346945000196,0.0,0.0,1.3567888876584586,0.0,0.0,0.0,0.0,0.0,0.0,0.0,0.0,0.0117539630512606,0.0,0.0,0.0241727686778603,0.0036883899674429,0.0572176883809444,0.0174086494297774,0.0,0.0,0.0,0.1905546728672912,0.0,0.0,0.0,0.0,0.0,0.0018616086432,0.7692613821616326,1.1131159598286855,0.0,0.0151228892554652,0.0,0.0,0.0,0.0,0.0,0.0,0.0,0.0,0.0,0.0,0.0,0.0019145905082716,1.1835216357042315,0.0,0.0,0.1441693943177911,0.0,0.1717485701937876,0.4986553209873838,0.0,0.0106252089732527,0.0277842539241801,0.0,0.0002159939104285,0.0,0.0,0.0,0.0,0.0,0.0008452383145533,0.0,0.0,0.0,0.0,0.0,0.0033853527036756,0.0,0.0,0.0,0.0,0.0,0.0392749478949607,0.0,0.0,0.0,0.0,0.0492997552784035,0.0,0.0,0.0068775130058658,0.0,0.0,0.0,0.0,0.0,0.0068499938230764,0.0,0.0,0.5343193032816124,0.0,0.0,0.0370915307492077,0.0189195878111469,0.0363733678743518,0.0,0.0,0.0,0.0,0.0059391624228113,0.0147005410076174,0.0099795809073734,0.0,0.0,0.0,0.1388338143313307,0.0,0.0,0.0042819050024482,0.0,0.0,0.0,0.0,0.056961050274079,0.0,0.0,0.0,0.0,0.7623389754306112,0.0047781629225699,0.0093775601830051,0.0,0.0,0.0,0.0,0.00823234708865,0.0,1.670367429340747,0.0,0.0119585419092077,0.0,0.0,0.0,0.0,0.0,0.0,0.0047954137678066,1.083288822909882,0.0663442185213547,0.0,0.0,1.1230872106499603,0.0,0.0,0.5358739876128258,0.0007841500969821,0.0,0.0,0.0,0.0,0.0,0.9713872529375268,0.0,0.0,1.0045289323014983,1.1465956236982855,0.0,0.0,0.0753742762087766,0.0,0.0153954252033154,0.3112178826052007,0.0,0.0,0.0,0.0,0.0,0.0,0.0,0.0,0.0,0.5210100868451936,0.0,0.0808627842271672,0.0405954953770163,0.0,0.0,0.0,0.0,0.0077009386552668,0.0117859884434679,0.0,0.0,0.0,1.1701277698623287,0.0,0.0058989517957855,0.0,0.0,0.0,0.5264118369467121,0.0,0.0,0.0090566683088138,0.0,0.0,0.0275837536996112,0.0382252615360091,0.0,0.0106820590167622,0.0,0.0,0.0,0.0557676380646674,0.0,6.664964384217771e-05,0.002661272743954,0.9721400660659087,0.0341372383246502,0.0,0.0,0.0,0.0,0.007304014188966,0.0,0.0,0.0,0.0,0.0,0.0,0.0,0.0,0.0,0.0,0.6532218407435144,0.0,0.0,0.0177091378395603,0.0,0.0,0.0,0.0,0.0306034499720556,0.0068665265880461,0.0,0.0,0.0,0.0,0.0,0.0378665794385166,0.0,0.0,0.0,0.0,0.0,0.0,0.0,0.0,0.0,0.0,0.0,0.0781051704831284,0.0,0.0,0.0,0.0,0.0,0.0,0.0,0.0110730282982279,0.0,0.0,0.0,0.0,0.0,0.0,0.0,0.0,0.0,0.0,0.0,0.0,0.0,0.0,0.191880828291298,0.0,0.0060413685385145,0.0,0.0,0.0150669328249199,0.0,0.0030428030759123,0.0062826883516004,0.0,0.0033186507681367,0.0,0.0,0.0,0.042474094753269,0.0,0.8805421430859351,0.0,0.0280087348659146,0.0,0.0305977500100118,0.0,0.0,0.0071277366786338,0.0,0.0,0.0,0.0315897450597079,0.0,0.0099890357568884,0.0,0.0,0.0093124964642373,0.0108254722089454,0.0,0.0,0.0,0.0170891360673084,0.0,0.0278075047783103,0.8057126445085967,0.0,0.0,0.0654013688979402,0.0,0.0,0.0,0.0,0.0422504069110659,0.0,0.0048221635480374,0.0,0.0,0.0,0.0,0.0284589192897566,0.0376302821287801,0.0,0.0,0.0,0.0064893320120449,0.0242559127631488,0.0,0.0,0.0,0.0102024834466882,0.0,0.0,0.0,0.0,0.0,0.0,0.0,0.0,0.0,0.0,0.0,0.0,0.0,0.0154735854580081,0.0,0.0,0.0,0.0,0.1296608615427231,0.0,0.0,0.0,0.0027939980416349,0.0,0.0,0.0,0.0,0.0,0.0,0.0
DHH,0.009111951188553,1.8691945751725685,0.0,0.0,0.0125750773952868,1.831779138542253,2.5008934853654963,0.0285919064738137,1.9992516365900248,0.0,0.0,1.1480632978028809,0.0,1.6209944543126809,0.0,0.0,1.4891418237418446,0.0,1.8902042759411404,0.0,0.0,0.0220427225642052,0.0,1.8276490067395448,0.0,2.027577632647072,0.0,0.0,0.0,0.0394019043136566,2.3981062005173803,2.231124507658873,1.7881886423747482,0.0192333158368322,0.0,1.9768758810203813,0.004447341065327,1.1643030574860431,1.606476566476056,0.0166692155115926,1.498001827715602,2.1649414356845016,0.0,1.5083026893013802,1.831780841587156,0.1238879045361906,2.021954471918741,0.8110807464129186,2.190615193189924,1.5659114481007532,2.242182088187314,0.0,0.0,2.0978199147164145,1.9987077996336269,2.138635680648988,0.5991288514323573,2.208763701649472,1.9214052387589104,0.0,1.1772638777855924,0.0,1.9928213168812563,0.0321330010454853,0.0082002767750186,0.2853044171686013,0.0,1.934447285185347,0.0,0.0098934582825159,0.0,0.0,1.6301403070459362,0.0,1.8553702140917787,1.919778482720392,0.0,1.6143423854027013,2.078324620307887,0.2887771290689027,1.8029356424918408,0.0,1.782849202566485,0.0007992648992788,0.0,1.2284116565177443,0.0,0.0014576142429789,0.0002925115270091,1.6718314365871223,1.4157214326368757,1.5268857027568616,0.0192336831305862,2.3292511244326968,0.0,0.0085709122627924,2.0853676634083422,1.5360904073220143,2.169326660092453,2.38424256347423,1.7995880741361014,1.6124423219938278,0.0,0.0,0.0191436853866233,0.0319117928379537,0.0,1.92115856867847,0.0,0.0,0.0,0.0914308221539231,0.021274532185032,1.5836793133582148,2.1838110558045893,0.0,0.0036538970097303,0.0,0.0,0.0026588763839979,1.8326637615740031,0.0,1.98041241863332,1.4059078679049803,1.5420397685277418,0.0,0.960864615035394,0.0,0.6130400328373757,1.8435830135547784,1.7290555929984783,1.895707588281356,2.204720097525513,1.7946503263239206,2.002351735066855,0.0,1.916938248223679,1.7284741480966583,0.0044755864764579,1.4665719888097946,0.0,0.0,0.0,1.4172114217551584,0.0,2.5889737122479355,0.0,0.0,1.9531062009979767,2.04097232161028,1.6698465728705791,2.0461780647126253,1.001911804074771,1.7052277432758929,0.0,0.0,1.6315767473414209,0.0,0.7501340333737744,1.2681161331878237,0.0,1.1038376855158016,1.8566141942394248,0.0,0.0,0.0,0.0103504101555959,2.2784710294155084,0.0,0.0,0.9840572947736697,1.90631040388491,0.0,0.0,0.0013652437482419,0.0,2.2386776962515764,2.010554840707591,0.0,0.0330910387306185,0.0062001516703561,1.6799474397696204,1.7829007027447337,1.6327476009359398,1.5654830231685095,0.0267057678288054,0.1163774162185011,0.0,2.2116253738928418,2.4304396824908148,0.0,0.0113460417873388,0.0,1.960052647510792,0.0,1.6833149912199197,0.0,1.3364069870673931,2.2380266443721344,0.024919653172847,0.0688843683551329,1.8135978167091005,1.4143790662368594,1.1389839109290167,0.0,0.0028581814021518,0.0,1.9004528714332647,0.0,1.6646110746911469,0.0109366188850952,0.0,0.0,1.851269617675116,0.0073629120712834,0.0,1.7216242719976147,0.0,0.0,1.1463425519777226,0.0,1.896570964071561,1.7364593796615708,0.0845977657088815,1.873112909148244,0.08058399020977,0.0167522931142903,1.9630317161331416,0.0,0.0,0.0,1.3431702832844767,0.0,0.0120111585532394,0.0059354241992904,1.8672158644967165,1.7866762912699312,1.5400749597243992,2.065745893492022,0.0,0.0,0.0,0.0,0.0,0.0900935002590289,0.0078407988985844,0.0183135183762485,0.0962445058079373,0.0,0.0164918618874392,0.0,0.0,0.0,1.1484882339520868,0.0,0.0134697633865773,2.0804725580842227,2.434625722869493,1.9426610234979784,0.0,0.0,1.2280399373733917,0.19916617475051,0.0034754007150541,0.0035007350432153,1.949703049756076,1.3452625215904297,0.0,0.0,0.0,0.0,1.4837952884260717,2.1200815114376472,1.6304161929746743,1.8084407199154,0.0204908504038666,0.0040648870920957,2.326289944032072,1.5645296515364266,0.0,1.991133551035184,0.0,1.7675798388448969,1.948309336367104,0.0053290167747836,2.4804518689173207,1.1367494722815674,0.0,0.0,0.0044702971634177,1.617695438774182,2.0294837149749045,0.0038768403229896,0.0209255090821332,2.0237493138708302,1.6419122906638908,0.0,1.6431536558343696,0.0044705711651808,0.0,1.6402267529810597,1.879537699802157,1.8096536894339503,1.7679748365429304,2.018739150334308,1.7246310549594372,0.0028851855302498,1.960821396644364,1.4686871232861904,1.6117930221180496,1.9537673522486207,0.0,1.6287467561462694,0.0,2.036036190941272,0.0056992531530811,1.8311916036358773,1.4520984960466,1.7246372044019211,0.0002232272139361,0.0,0.0152449015423014,2.206545788787628,0.0,0.0,2.3406268634825964,0.0,0.0,0.0,0.0,0.0028783583225785,0.0,2.4417826817011936,1.663884617065221,0.0,1.87095096391534,2.167908937855594,1.5226491100301969,0.0,0.0,0.0117348603123562,1.4885003671633374,1.5574852492762443,0.8910988957917712,2.7772473065562355,1.6130958356187322,0.0,2.0357384589749463,0.0,0.0,1.6721574455661,1.4389464489193755,0.0,1.976407236203706,0.5078836190559582,0.0,0.0460892959762622,0.0,0.0977719877231132,2.2463978683911243,0.0,2.0301097556722296,0.0,1.4170893632175738,1.2830338239001515,1.5853093029026109,1.7767417630371605,1.941232353804213,0.3135247085101371,0.0168500554631594,1.7722338972035474,0.0208897646855397,1.6942546491874602,0.0,0.0,0.7564986229804519,2.24748747543006,0.2033018793363196,0.0155339566804643,1.9291149149932247,0.1524161589856078,1.6519858117241324,0.0402978561936203,0.0,0.992205804834246,0.0,0.0,1.238500108750257,0.0,0.0,0.0,1.4679375622756203,2.4485735911202537,0.0,0.3865802813611584,0.0064869488527373,0.0,0.0,2.1366148949950947,1.7692926422982838,1.4240914896900878,2.063795015514513,2.509874468629749,1.6167985018758948,2.246601993873015,1.9859082433938584,1.9560988567226263,2.9211629882685166,0.1275513940241874,1.7335922694823835,1.5022666669214408,0.0,0.0,1.9568182088786203,0.0,1.8370532319813613,0.0,1.5975505487586552,0.7604392096439416,1.3208927157758112,0.0,0.0,1.2293607727371765,2.570498797051308,1.7719750192067143,1.84524342877958,1.6970210830506036,2.141550422504341,2.20777637396338,0.008255251494975,0.0282235138621172,0.9701307159894692,0.0,0.0084168626025239,0.0157923615973502,0.852628395266944,2.1912864692995315,0.0426562350869643,1.9870524940898624,0.0241176420071315,1.2239565591433634,0.0,2.3080771313014954,2.078020181900877,2.214353808187292,0.9090593268754013,2.098829109404794,0.0194347078921246,0.0,0.0,1.883893997183832,0.0,0.0,2.1121187107169908,0.0,0.0,0.0,1.5894280711841475,1.8835289044826384,1.9857290929714613,1.992038033417612,0.0371061272568035,1.349445147539674,1.4044547175336806,0.0,0.0519962541635478,2.27439092437347,1.9250424597363347,1.8307353329539124,2.2281330956390506,0.0,0.0085851246401703,2.0575664985053588,2.3801640246873155,0.0,0.0,1.5929353284212762,0.180920870945361,0.0,2.0985492215943995,2.7735650014486617,0.0,0.0,2.025189069221656,1.8577274168722768,1.569400621078057,1.4075490037275402,0.6286298315776925,1.7984130291133775,0.0134978130290513,1.6531774390896032,0.010248699185753,0.0,0.0371231677303812,0.0806287632292934,0.0365215843928082,0.0629747800190224,2.298106833804632,0.0,0.6722316285443026,1.9336566675510016,1.7906969771850356,1.4477681685344317,0.0,0.0185539805994858,1.7296440561172544,1.4281157672334446,0.0,0.0095830365392566,1.44115008949071,2.139991228167232,0.0076871932459731,1.5243506911237148,0.8956960719928261,6.524179104589432e-05,0.0,0.0,0.0,0.1053164107390973,0.0,1.7869019904201688,1.1061889570794985,0.0,1.8562196355985283,0.0,0.0,0.0,1.6481171422890573,1.633000685434133,0.0,0.0,1.838786942926996,0.0,0.0036537233223928,0.0,1.5811966350158038,0.001404144390148,0.0,1.579836477957232,1.64154617144336,1.605685954957346,0.0,1.6029209867194671,0.0,0.1276782705132351,0.0066586643017595,2.30103021019293,0.0,1.9268895405768247,1.1955166757176745,0.0,1.627843408528768,0.0,2.079014863560817,1.463393845619218,0.9173697161215564,0.0,0.0309656379262163,0.0,0.0,1.5689177243312402,0.0,2.1184594022063243,1.3541091039883164,0.0058406419757457,1.62366206262148,2.059652127858068,1.3824571542346802,0.0319391994532075,0.0,2.0563032005159942,0.0,0.0,1.7747110314573882,0.0104542885604421,0.0138685618742395,2.148488270437021,0.0,1.521588067905632,0.0,0.0,0.0617494655864518,0.0,0.0225416064185772,1.5358911885311026,0.0,0.0,0.0,0.0,0.0,0.0017144021558938,2.6517775777861408,0.0,1.9499206325388647,1.8106917629308616,0.0002230548751617,1.203175344834696,0.5898654660668469,0.008280067546975,0.0,0.0,0.6077110562563671,0.0,0.0139481781508636,0.7421278554427819,0.0,0.0,1.9570670885361472,0.0,0.0,0.0,1.6941727581961592,2.0724238887806505,2.13585991273985,1.964190388117001,1.4535802980333978,0.0482485420791996,0.0,0.0,0.1237553134197344,1.6168175956553186,0.0271027840936481,1.4733756397350226,1.5280671805179382,2.170203235943805,0.0006468655815746,1.5488796566702796,0.0011564756276135,0.0,1.5127503602985892,0.0949762663227028,0.0,0.0008269404755673,1.5970606982190056,1.8201904539281475,0.0017528409178569,0.0030191417830156,0.0,1.7828942974862263,2.1520626961842524,1.6414933658351534,2.1813918160131323,0.0,1.4575430009099088,0.0080879500219043,3.111885479798714,1.9766543518027229,0.0,1.546525910776739,0.0047621024416255,1.7268938211076297,1.9849481403236149,1.4421397179642004,0.0007526364713049,2.151377085780241,1.4202302230203123,2.449062866965745,1.5573318549704576,0.0055108225122259,0.0,1.4671869974530758,0.0,1.7958390321699151,0.0001015290734748,1.7632208468973611,0.0,0.0,0.0,0.0,0.0223467299401657,1.892999098736554,0.0,0.5793098162245996,0.0036351081218294,1.718056407922728,2.0674934117035555,0.0,2.4137146088004697,0.0,2.0010293538064072,0.0,1.7803757614954672,1.7298867266808724,2.098475203442316,0.0005981081257199,0.0,1.7863321891007695,1.5131500543118055,0.0,0.9938763052414143,1.5174857304027205,1.6928454146167633,1.3336658100215857,2.075317772658761,1.77802539203544,0.0,0.0,0.0,1.7223970766104992,1.3167116433840766,0.0,0.0,0.0,0.0,0.0,0.0,0.6322116413438721,0.0,0.0,0.0,0.0,0.0,0.0,1.6568029454941358,0.0,2.6063051196055325,0.0,0.0,0.0,0.007403883463142,1.8624809959363424,1.7824090922698077,0.0,1.962918763009388,2.0992230832429137,0.0,1.9202099080897688,2.1418042910079285,2.34672017473226,1.7847512277117872,0.0158881653408183,2.029392285061194,0.0,1.5904971727362585,1.9622647278220864,1.990283085046011,0.0,0.0,0.0,0.0,0.0636971888737315,1.769181735998024,0.0077261776798638,1.2617402654792351,0.0,0.0,0.0,2.357603705194278,0.0019227139699353,0.0023003654650958,1.7709793796841182,1.1174671678210335,0.1148098727218567,0.0002180843286552,0.0,1.5360926886233466,1.5837612903281677,0.0,2.3645898499306632,0.0584760478572473,0.0,2.178575754511926,1.9643940975739187,0.8411504627904215,1.2913957182148237,1.9443360767933309,2.401880355585092,0.0,0.0,0.0118699669827826,0.0,2.684441304817979,0.964083433661302,0.0,0.0,0.4084139232225055,0.0,0.0141213582455408,1.522604955752585,0.5823996857174791,1.5320111795789304,1.8987621378796231,0.0,0.0,0.0,2.1435430672710245,0.0123646588107889,0.0,0.0,0.0464892540465643,0.0,0.0072293435761894,1.9009510724538925,0.0,1.984584325014012,1.8481376295272207,0.0,0.0,0.0,0.0,2.0833904290546226,0.0278036753929736,0.8451108714258795,0.0,1.3687412208222831,1.5901605682481508,0.0,0.0,0.0,0.0,0.0061930268580793,1.972858063577912,1.3011897736743332,0.0,0.320284008463893,0.0032287981727567,0.0,1.7531277959558538,0.0,0.1247655867219537,0.0313126284671327,0.1468757355981432,0.0505961229020027,0.0,0.0443115529740778,0.0,1.4233025095999905,0.0,2.0616156432851698,1.5784945309412937,0.046359629693079,1.9598572084791943,0.0,1.9691234128861808,0.0168660415635559,0.0047870607301416,0.0,0.0,1.9960742421579751,0.0,0.0280565487437628,1.5618401154003116,0.0,1.6298880696789348,1.7741000710315082,0.0887258231526136,0.0,0.0,1.880215542598531,2.6100924682361506,2.112315923874681,0.0,1.46527152765745,0.0,2.2367888713333124,0.0326836392603031,1.826125687607448,0.0,1.94778046355448,0.0042389447020556,0.0,0.0,1.0121958670186042,0.0,0.0015433399593077,0.8793521252053391,0.0002097547901571,0.0,0.0,0.0,0.1220473149897362,1.774219332194469,0.0,1.5685725091666542,1.7949244302184355,2.49658500115029,0.0,0.2876061655596842,1.8273788733241323,1.4743736436944628,0.0,1.7619762975736053,0.0003883919042178,0.0,0.5349709752082633,0.0,0.0,0.0,0.0,0.0,0.0,1.280888836382241,1.772212853975447,0.0,0.0060164930102247,0.0243254082998819,0.0,0.0,0.8773303675446277,1.8617715959320031,0.0,0.0,1.822838969662332,0.0,0.0,0.0,0.0,0.0,1.6415572675256154,1.9082244978523804,0.0004718021029396,1.7900321429524018,0.0,1.558240597182,1.7257349442960808,0.0,0.030781240308289,1.662102089528776,1.9004344521966423,1.8665765060559103,0.0037367740311922,1.7203657106621295,1.73936183386134,0.0,0.0134134656203508,0.0,2.3858625542182947,1.3923114769753249,0.0,0.0,0.0,0.0,0.0320420608771396,0.0,0.0,0.0,0.0,1.906086027144129,1.7165179410258615,0.0,2.2762980904401733,0.0033457251401935,0.0,0.0,0.0047472073093127,0.2000285281679766,2.179744586136429,1.7632060633172382,2.115974025667661,1.4554394834464657,0.0,0.0011171145616498,0.1180535992600178,1.6997609423005673,0.0,0.0080295650537333,0.0,1.9938800507766083,0.0,0.8658978551674221,0.1326889993745253,0.0,1.2010914095856695,1.4570902265306662,0.0,0.0,0.5858722780866927,0.0,0.0234471226566726,1.7890376528305831,0.0,0.0,2.0893825321070234,1.8100470587611577,0.0,0.846765777202958,2.0456363367622648,0.0,2.342626522106106,0.0215543855928982,0.0408637306039641,0.0,1.489333618767582,0.0126935700431665,0.0,0.0,1.4197301820643091,0.0001701581547164,1.5676406853228426,1.8517174058590185,1.9809606354819624,0.0623569597376881,0.0093165176765093,0.0,0.0,0.0,0.0,0.0187338250282802,0.0,1.7964208942532882,0.0,0.0485837910114584,1.527469414623831,0.0,0.0,0.0,0.0138355819420674,1.5981359250858522,0.0,2.1672044503822763,2.2674955676840884,0.0097479785723514,2.1169892096705936,0.0,1.9100584567585948,1.231437478969582,0.0,1.6165858525246852,0.0059927168013367,0.0,0.0087484411525446,0.0,0.0181325724351061,0.0079077071003419,0.0,0.0,0.0,0.0,0.0,0.0,0.0500868060007801,1.953548592137298,1.7743691641687864,1.9826885887844488,2.4246288727956733,1.5300458365989231,1.359544564991576,1.7071017744546737,0.0257420838174925,0.0,0.0145884093861883,0.0,2.071914358869825,2.271964273637036,2.3118812190935296,0.1679226413037957,0.0018240793774735,0.8982139834008058,0.0,0.0,0.0,0.0,1.971399340451849,1.0834247471293612,2.0042478570744247,1.7036650167542735,0.0,0.0,1.7413403738360411,0.0,1.0718424873188868,1.6581587495825214,0.0,0.0,1.930709071600485,1.538563621422835,1.6407821912786966,1.4773685705523518,1.753459774005856,1.6934839772266614,0.0,0.0,0.0065160124985145,2.06506653977896,0.0,1.7927361013538268,1.32892671776308,0.0258927835723086,1.7959768658049984,0.0044650522883307,0.7022882779319101,0.0,0.3028066773187589,0.0003756433984532,2.2946797104845147,0.0,1.5207740274376476,2.0334993238024217,0.0,2.9119665032617634,0.0,0.0,1.4469132797298592,0.0,1.5708332616232354,1.9893802771113025,1.8827649746991328,2.293181905318733,1.9348771703306888,1.5851531536005787,0.0034560439853833,1.7324559745377015,1.6564658439694595,0.0,0.0443196627581737,0.0,0.0,0.0,1.4847848962170005,1.320670302746421,1.6804276125470083,0.0,2.0496483660817777,0.0,0.0147019086209405,0.0,0.1178782350503547,0.0,0.0,1.8450129498188697,1.8485603585965285,0.0,2.0397200124870425,0.0344011058266568,0.0,0.9559985954443092,0.1548415494913141,1.7559824694954358,1.534114494261202,0.0,1.8008548812267589,0.0094439879447039,0.0,0.0,1.4878610139876778,0.0,0.0,0.0309957298569605,0.0,0.0,0.0,0.0036353086076227,0.0,1.8616958226696283,0.0,0.018632713192468,1.6550095740896391,0.0,2.1782206840248444,2.2075839323444524,0.0,0.0,2.0888507305893405,0.0041097844143668,0.0,0.0,1.3576420183189388,0.0,0.0,0.0049716514438895,1.971931592080174,1.7481212814838225,1.9056394851431453,1.5876111141193463,1.9821022865790487,2.237070667084612,0.0,0.0,0.6053027978446623,0.0,1.3865969742580386,1.3128777352516523,1.5651609690865582,0.0,0.0,0.0,0.6182265629069188,0.0,0.0,0.0061778259405326,0.0050478772193492,0.0,0.0,0.0,0.0278873475740854,1.8455824786857389,0.0311617976718613,1.5887340097940226,0.0,0.0219597429497175,0.0144374674507743,1.3289125100138492,1.894724371363924,1.6299475334858795,0.0,1.6019776448854712,0.0,0.0,1.382673514805774,1.749068641593829,0.0,0.0,0.0,0.0462610956152568,0.0167018378977579,0.0072084077789336,0.0,1.7271013748946824,0.0,2.004916044651471,1.9432839935966368,0.0167137301686454,0.1625168938945736,1.6757052560205858,0.0014964724898898,0.0068312157895091,1.6766337489797567,1.917811984043173,0.001473301541912,1.5360634810197618,0.0,0.0,2.4668935224981583,1.6867778687786052,1.7313293496080788,0.0,0.0191263117808342,1.8802353386234685,1.5672828478522736,1.60584608605705,1.799410570643728,0.0,1.3440607594386391,2.5683708280565933,0.0,0.0,0.0098562416350283
DKK1,1.1865279957409725,2.339128087324988,2.2501288597046725,2.2681463635839805,0.1467609036367544,2.0347274635227106,0.0,0.0,0.0,1.7388650588764902,2.3679276503881006,0.0,0.0,0.0,0.0231554963707725,1.9493142757005808,1.7597240919785782,0.0021974661746877,1.952749942348592,2.3928789917874336,0.0,1.9080729693932468,0.0623832141808554,2.1016028168158587,0.0,1.3812161517576242,0.0321502921518279,0.0001831238639081,0.0,0.0,2.197577405087704,1.8012710207010132,0.0,0.0,1.3405594742597036,1.98012431883327,1.7969117563710388,1.93058516955784,0.0,1.7755931942057004,0.0,1.7813824214055558,0.0,2.2229681219145845,2.1379117251949675,1.4197500161804095,1.8365488391030784,2.117014798179093,2.01979388171839,0.0,1.7826246642257346,0.0,1.8031910562591107,2.0578167657835933,2.203431466198392,1.960625730636872,2.4517028446610265,2.0657679486131504,1.8983094264044549,0.0,1.725748510648503,1.8868105461307425,2.0112486041604387,0.0,2.0656883483109527,2.6130019529415422,0.0,1.9535508930617933,1.4209094234070996,0.0,0.0053428270356235,2.219770272913127,1.9003546773254405,0.0,2.487919144530517,2.152249932781688,1.370895294990637,1.7935184209047588,1.8520660647500204,1.908041164128604,2.000602066062159,0.0,2.452645665166834,0.0109092676798806,0.0,1.6843285249148678,2.0633461606686976,0.192553753498979,2.1952377151079494,2.2102231742086715,0.0,2.207160042575986,0.0,1.867863873655916,0.0,2.0168459911419885,0.0,0.0,0.0,2.0570911009275874,1.922731036156005,1.778593558669478,1.8449680373574344,2.094613700313418,0.0190644511589002,2.797798083758104,0.0,1.9127274148332567,0.0272357839453219,0.0,0.0,1.761286119950248,0.0,2.403815890955856,2.064763712727356,2.1609594088708555,0.0002063426384952,0.0,0.0,0.0141251669744676,1.9675272509718529,2.4404860336458616,1.6136160953025218,0.0,1.9471382969092184,0.0043912601848875,2.117030832725518,0.0,2.3252858641096257,2.26094748499818,2.1240534876593595,2.2016616511887017,2.086282454355141,2.1579523574430177,2.465455603454912,0.0,0.0,2.009307810061509,0.7163800171642208,2.169544280528861,1.6636008173429693,2.264007724670633,0.0,0.0,0.0,1.605009517223525,0.0,0.0,2.007737491177476,0.0,0.0,1.9352227445164256,2.191052797873892,1.27378645229124,0.0,0.2359603083113859,1.823726537957402,0.0,2.0516029204481856,2.126270326884832,2.170001408560314,1.8647420889948467,2.12609368298271,0.0,0.0,0.0,1.9301470225691624,2.3393832595721404,1.8235074739377428,1.7180547465984222,2.0760274082532564,1.9830772620452444,0.0,0.0,0.015723364529998,0.0,1.937893034421171,0.0,1.7818744902526928,1.965450591417004,1.9762525476758883,0.0,2.0890627605453087,2.490467505774176,2.0832135228529287,0.0,1.733365454878747,1.844545020899124,2.2321971526877085,1.9168802945777728,0.0064310624033491,0.0126043750794034,2.1886502204507385,0.0,0.0,0.0,0.0,0.0,1.5001288880722472,0.0,0.0199947133236389,0.0,1.7956529152674592,0.0,0.0,1.5448957391950917,1.7805691530378247,1.9071613425970344,0.0,1.855615576103876,1.641290413825475,0.0,0.0166232441992175,2.1309234581289767,1.9738839137070645,2.0172152358091,1.7176870819718564,2.0917016257986463,0.0432673541244877,2.586637319686,0.0,0.0,1.873339240060928,2.020150006679677,2.1007793287780614,0.0,0.2448427268585039,1.9830261339811688,0.0,0.0,0.0,0.0,0.0,0.0,2.0324444919120586,2.485874789434903,1.9402941064777253,1.9343240603713616,1.7744068105515591,0.0,0.0,0.0515574574404448,0.0272031541355075,1.9736588908506865,1.753918794979884,0.0,0.0,0.0,0.0,0.0,0.0,0.0,1.4863172353669565,0.0,0.0,1.7219616443836772,2.0244553447512934,0.0,1.9316262228040693,0.0,2.3390473488720023,2.5800187092243414,0.0,0.0,1.811536569697631,2.177852708695289,0.0,0.0021509493103984,2.338002681981504,2.006663475232882,1.8865236063429305,2.0660637065186296,0.0,2.1172687444261613,2.459534331404292,0.0,2.0066396570395604,1.9827053720816168,0.0,1.8807747661687213,1.463168945308124,0.0,1.9824178919028632,1.6616641130643224,0.0,0.0,2.0176298958992915,0.0,0.0,1.8109274292849484,1.9698450367793607,1.8273618779499945,0.0,0.0,2.182126624596004,2.432199788148663,0.0,2.486591171337252,0.0,0.0,2.23031860899508,1.9331699086577687,0.0,1.967824500176571,2.054542069063559,1.920604649644316,1.7649085625003262,2.0458203877804504,1.968335318940514,0.0,1.7524707846349097,0.0,1.7420663697984948,2.406132678957144,1.7969336187237723,1.4564435120245012,1.8079728948578384,1.7614319755680954,2.02086785775016,0.0,0.0,1.134701861874125,2.5539005993248587,0.0,2.315723953864188,2.4295134939584324,1.332543189839854,0.0,2.311454781232868,0.0048099416466843,1.9991238645730056,1.7285218920785836,1.3974943759547165,2.3471230932502154,0.0,0.0,2.2319958514394247,2.110235053160581,0.0018865634022305,1.960172688774865,1.4027805411959693,2.346481127648531,1.88071364049674,2.0994948346142737,0.0,2.458666301080667,1.6766735426047852,1.873081733357948,1.8125933470911844,0.0,0.0,1.9002998188768536,0.0,1.6157648342229196,2.5238562079222047,0.0100724140761768,1.8621124218457183,1.736061596352542,0.0,0.0,0.0072632256031394,1.9399592678506696,0.0,0.0,1.9089826145584443,1.8658932964368296,0.0,2.132225297604782,1.754894725147128,0.097526827216593,2.3130980808753345,1.3167865634364857,0.0,1.8233509968548949,1.7926078668320913,2.074142889925541,1.7813545914884708,1.7241086587562755,0.0,2.3401739328772115,2.160790015876557,1.0619302131862003,2.456291778370125,0.0,1.883222267991029,2.15525184866687,1.6190305165935148,1.957358112060578,0.0636336391302933,0.0012331574079945,1.78071075930576,2.052269137109151,1.936938007207924,2.0040501787652065,0.0,1.901089652830224,1.909511096195448,1.5090919007111476,1.9007438923507936,1.794904740573325,1.8402572131498312,0.0,3.0847273822616024,1.7365218479084432,1.916586813990084,1.77103902382852,2.62586424740866,2.3886587319291457,0.0044145023476618,0.0,1.8730775244098217,0.0,1.6262645688023434,1.7488404868059622,0.0066145172023583,0.0,1.6613870428094333,2.069296228378588,1.727721015207571,1.8808823593809187,2.2223985092800533,0.0,2.0975766044721493,0.0,2.2578354315832643,1.756440861420152,2.073531837546185,0.0,2.0535759465568293,0.0,0.0,0.0,0.0,1.446247555018453,2.071353211159332,1.63445909598334,1.7709695094222506,0.0,1.859575301693677,1.6504004914538448,2.0340529745609097,0.0,1.8004214872563515,1.9747831633239528,0.0,1.9461208643448449,1.7580531191036153,0.0051644493545153,0.0011853220101109,0.0,1.925018334158748,0.0,1.8130636496279564,1.976609030608328,0.0,1.9726417581149749,0.0,2.4049338747376656,1.8756309582614383,1.9472662833775387,2.377058032297376,0.0,2.247062151710137,0.0,0.0,0.0,1.8692615823182783,1.905335869932791,1.7811892103571296,2.2893980212683767,1.839486346940016,0.0,1.9603019604869687,1.826589893948894,0.0041825456732203,0.0,1.8284120156086208,1.4407663376783708,2.0886027050262794,0.0,2.2369670253934566,0.0,1.4329565688471413,1.7303244363948702,1.8458453909028865,0.0,1.907947986326328,1.892907897140645,1.9300646500383705,1.9337417243936408,0.0,0.0,1.3523981512983312,0.0,2.038419143978353,0.0,1.8582471746428264,0.0,0.0,1.75004584016113,2.0234498520559456,1.804665858067931,1.4794467069271076,0.0,0.0,1.826997578125496,1.804912545489916,0.0,1.9104160515709456,2.2449162356582906,0.0,0.0,2.571417573596647,2.2072755456421485,0.0,2.1059576683960013,0.0,0.0,1.6532306923488715,0.0,2.363264169865446,1.8653939978667096,1.4999664985628969,0.0,0.0142850215550005,0.0,0.062000512412469,0.0,0.0,0.000618448499765,0.0,1.9802995236195056,0.0,0.0,0.0,1.7334431314645249,1.837160703694373,0.0,2.030347141942476,0.0,2.147609166387394,0.0,1.8934624436816785,0.0157102092264449,0.0069830588053542,0.0,1.8093257137983307,0.0,1.7876536312799465,3.0006556899309618,2.0065718143476485,0.0,0.0024326679085016,1.8531418229032632,0.0,1.959499784360096,0.0,0.0,1.2788365597037257,1.7188428337379038,1.8294606547616183,0.0,0.0,2.4588920860523378,2.01405238452087,1.4769543902657682,1.7869208870036355,1.3356283713320103,1.9356814962779527,0.0606973960049863,2.07590509626637,0.0,0.0,0.0,0.0489339636724071,0.0,2.382837477457276,1.7298136580797958,1.8704780012205584,1.1885953373704954,1.852401146208552,1.900326131646712,0.0,0.0,1.9672016219119144,0.0,2.1769035022364984,2.056514488450679,2.0735530129076367,0.0,0.0,2.3918378597489176,2.1057062548252845,1.9928036267396485,1.936725377045843,0.0580504191530633,2.0508356031874704,1.7623700735904697,0.0,2.5013436664876565,2.530969597291188,2.062209484525672,0.0,0.0452985804792444,2.0036698180037016,0.0087240457209872,0.0,0.0,0.0,0.0,1.257972178304016,1.9155744838991808,2.075637008564544,1.6205108753909028,0.0,1.65423514334736,0.0,0.0,0.0001065258390154,1.935079444784005,1.7746270771907962,0.0,1.873586290586156,1.8998573158411705,0.0,0.0500955535165831,0.0,0.0,0.0,1.7664046279240777,2.470632014619966,0.0,0.0,1.591394874191535,2.1621570210095413,0.009434919947006,0.0,0.0,1.86508418508468,0.0,1.7193313554599468,2.16911880098086,1.1677512965914534,1.874938413656949,0.0,2.4098983280999207,1.7599313993068244,2.1806966023230823,2.2222187090872785,0.0,0.0,2.3727741754819163,1.7613166626809629,0.0,2.4317938324150434,2.3980183099127417,2.3585016998730053,2.179049798044613,0.8119676225657797,1.5775596822711362,1.7419330085681617,0.0,0.0,2.2037816657004825,0.0,1.741844291312464,0.0,1.254231144526281,0.0003668401394062,1.8796208842208244,1.8017155951801525,0.0,1.793185032428488,0.0,1.947426878130173,2.111611884404622,0.0189638925877134,1.6523435208424877,0.0,0.0,2.184880372275559,1.8587486781578777,0.0,2.1460330815219097,0.0039144820945402,0.0,0.0,2.0980535184809304,1.9240039567137748,2.102966964331383,2.3237674766972654,0.0,1.9581284046807323,0.0,1.9590793654652232,0.0,1.7856669087416035,0.0,0.0,0.0,2.498656509208583,0.0,0.0,2.163414474756705,0.0,0.0,1.7942905419337027,0.0,0.0599439636735995,0.0,1.881062103592709,1.875147667672824,0.0,1.7902789556621683,0.0015995186738387,0.0,0.0,2.5993059512199137,0.0,0.0,2.0157624800788296,0.0,0.0,0.0,1.7644411971516196,0.0,1.9835345495947505,1.966378241874627,2.052728016631192,2.164745671836644,0.0,1.7437336357947837,0.0838127835065692,0.0,0.0,2.188457228828766,0.0,0.0,1.7284047696630154,0.0095240229888485,0.0,1.7172831962870234,1.8761227868510533,1.8410869742422569,1.7179921020372229,0.0,2.110654463199148,1.8734085727858296,1.7997289329812751,2.1069140680487304,0.0,1.631822476016337,2.05901820114172,0.0258729924516668,2.106086542816369,2.2183994527459183,1.7468376563073682,1.847558795809344,0.0,0.0,0.0,2.6890531810390947,0.0,0.0,2.0218660116571363,1.8706059796130523,1.931537927228252,1.8976762951007184,2.2794693910267454,0.0,2.021357696396465,0.0,1.7543579792378752,0.0,0.0,1.8918097543405883,1.4844972956964186,1.9237333013681457,1.881406686665518,1.804114242850768,2.4387497831926743,2.082450622853845,0.0,2.587422567260824,0.0054242741468856,1.8000291022848314,0.0015191695508892,0.0,0.0,0.0,2.4275548156507445,0.0,2.4306181623092,0.0175231805846969,1.7454486263701592,1.8081794531018471,0.0,0.0,2.2078755583741225,0.0,0.0,0.0,1.7685256046263718,2.2408349318272043,0.0,0.0,1.930754372403245,0.0,0.1396001559728009,0.0,2.338560457908667,1.9540516582588705,1.8040509778917644,0.0,0.0,0.0,0.0,1.6597537858612408,1.9558239140950813,0.011906172455492,0.0153253952884986,2.0394390311002413,0.0,0.0,2.084066698714933,1.83222983886712,1.9488367560925275,0.0,1.4880675522774658,1.6738071433714232,1.6492260883366248,2.254925298465332,0.0267433899787591,0.0,1.5172986935412964,0.0,2.3873260423762064,0.0,0.0,0.0,2.015847028255419,2.063001158291732,1.8231123051706009,1.7239043225293902,1.959093557022456,1.2874458935233049,2.696965617272293,0.0,1.802441018553946,1.717101566980952,1.920149265600738,1.869675973033508,2.4879216787282914,1.6638205550082878,0.0,0.0,1.7338239943314475,1.826419784859301,0.0,1.7539959829020175,0.0,0.0,0.0,0.0,1.7612431063189993,1.5521817511861815,0.0,0.0,0.0,0.0092862625061648,0.0254777438805563,1.8762651612540944,0.0,2.3103234681761458,0.0,1.9520011925638936,0.0,1.9086712743926728,2.1571765451675105,0.0,0.0,2.004454936311617,0.0,0.0,2.102168342149193,0.0,0.0,1.5460233282867195,0.0,0.0,0.0,2.1305356748776165,1.91964805712434,2.1707641005670806,0.2711475965379271,0.0,0.0025111172295896,1.4390388191332242,2.250552963972948,1.9473671073261511,0.0,0.0,2.401600397126573,0.0,0.0,2.494439770541833,0.0,2.04587021566058,1.6807202082172237,1.820480649143008,0.0,2.020001355302064,0.0,2.3006208381899302,2.226986862426933,2.1345006960289843,0.0,1.7983815329453232,0.0,0.0,1.5853472028785198,0.0,1.976261123449939,1.7313653361569832,0.0,0.0,0.0,2.177645417273821,0.0,0.0,1.9732456209117284,1.9829605485897603,0.0,0.0141777447112647,0.0,0.0,0.0,0.0,1.822918500521932,0.0003506602210069,1.8715144494755247,1.7285757494038532,0.0,0.0,1.8680946405482968,2.4887227138053003,1.7672996439303583,2.502731354169724,1.9844264851755908,2.174974218525126,1.6096673002702848,0.0,0.0,0.0,1.93754372187688,0.0,1.8878470827292173,1.7376967400096452,2.102865456384187,2.1830346699722307,2.1727584877317505,0.0238040374865274,1.7656558638838509,1.5704398383273277,0.0251196324802017,2.068961362873276,1.7382140903956331,0.0248341152622719,0.0,1.881506648915172,2.063366075249376,0.0,1.890777717444452,1.542036882141537,0.0,0.0,1.9815138595540187,0.0,2.3428992288581454,1.6471483856795663,1.7708412829180018,0.0,1.8044762274587656,2.096788766443399,2.3044326838013287,0.0,1.8698309211734367,0.0045290588089057,2.030051525225256,1.8365251421140616,2.023433051726676,0.0169393715383583,0.0,1.4842529621164942,0.0484582159344125,0.0,0.0,1.9295906117485853,1.495884874613955,2.0314546856556173,1.7331380011139923,2.0463836560991253,1.8231706860415169,0.0,0.0,0.0,0.0,1.7762968035788735,0.0,0.0,1.7844542877909142,0.0,0.0,1.8134967390022023,2.5119940265808336,2.6587491751413004,2.249876353011321,1.929444782469853,0.0,0.0,0.0429149998111755,0.0,0.0,0.0,0.0,0.0455101906628616,0.0,2.183570344210274,2.0434133969098167,2.455017940088303,2.1050022385596465,0.0,0.0,2.0307515428642624,2.0551494465268147,2.074536568876712,2.522134249717681,1.9162831792398176,0.0,2.5917851804002106,2.073298611613528,1.7991223507276768,1.8733228079626465,1.9696375132462824,1.7899767920971963,0.0,0.0508859086738226,2.01029763542676,0.0082795952030549,0.0,1.8576328532413409,0.0,1.6883165115365688,1.7864562070295975,1.908057496993354,2.1362616758791426,0.0,1.8560697409141595,2.303864410727162,0.0,0.0,1.88731376603272,0.0,1.7963605686982416,2.3707020578299867,0.0,2.5174016207925742,2.023252028887433,2.0010658895361826,1.7690489323055534,0.0915422802561079,2.083428539969744,0.0,1.994290530046121,0.0,2.213141817862516,2.1413630326238,0.0021987912281465,1.4817518664309222,2.3093223678292576,0.0,1.15177121355964,1.5474688227316935,0.0,0.0,0.0,1.821892743570004,1.835371645886052,0.0592127345730427,1.7062327612790733,0.0338480964042015,0.0,2.089065614058362,0.0,1.96853072078562,1.8377130196607616,1.7817862024226898,2.018572960775926,0.0,2.106036493510669,0.0,1.815450426447496,2.239711868114823,0.0,0.0,0.0,0.0,2.0923579231680023,0.0,1.855312467317165,2.106986542470186,0.0,1.6671606417342528,0.0,0.0,1.82018356818078,2.030475270629576,1.8225616704445853,0.0162332760730846,1.6848109934615083,1.517182421274436,0.0,1.8860808048139968,1.4029292701225948,1.7308154962402456,1.7401204111791246,0.0,1.6201713145283383,2.0259825689169104,1.9728447815093768,1.9905077557903847,1.8134037250735824,0.016791087975965,0.0143091779898759,0.0,0.0,0.0,0.0,0.0,0.0,2.1545449671781363,1.9723057604772096,0.0,2.2577493548564345,0.0,0.0,1.8347510803418632,0.005711669146667,2.40219674396996,1.9132815069024125,2.239766282968401,0.0,1.8669405372943773,0.0,1.5422481028840656,1.3204695645115054,1.8651468642740587,0.0279670607784672,0.019539301201391,0.0,1.977009430296481,1.7969379132042311,1.943156846865264,1.6297941350425706,1.7811737255306628,1.6615249035185815,1.6194467246329174,1.86625558921886,0.0,0.4869828178847791,2.1128811209597385,2.144943589351294,2.1728662966465024,0.0,2.040786645185742,0.0053558338519848,0.0,0.0,0.0,1.6346364617340348,2.161013844735466,0.010215608260169,2.571012470728733,1.9375467711737244,0.0,0.0,0.0,1.3919660985864817,0.0,0.0,1.6175628549099743,2.303997162458903,1.9833149641753112,2.183717583227777,1.3848275797289502,0.0,0.0,0.0,1.9124213049548209,1.3911052665156345,0.145302770850478,0.4655604535750171,2.066809579062196,0.0,1.2733288713281787,1.8460737439839945,0.0,1.7930616672479276,0.0,1.4964844384626874,2.021153683087506,0.0,1.5962186047868905,0.0,0.0,0.013535333027081,2.078555577799794,1.9669943298945944,0.0,0.0,0.0,1.7359536314245294,2.4536818754450014,0.0,1.3503183603717497,0.0,1.5806236120623482,2.0307113152425047,1.8960907346302327,0.0,2.3696151984192926,2.236429198954295,1.9556472844693933,2.0827947211661333,0.0,0.0,1.2704634934418777
DMRT1,1.9097765191249665,0.0,0.0,1.9379989307966508,0.0,1.7940663835126391,0.0,2.0720017820718133,2.025769463690223,0.0,1.5354217691775354,1.8596324920632543,0.8908884861825743,1.4761461772687057,0.0001406041344326,2.2128261492658865,2.463496534099497,0.0,1.4844331724108233,2.5877924943066626,0.0,1.848671332278676,0.0,0.0,0.0,1.8440447764695345,0.0028501692392376,0.0,0.0352024293110258,0.0,2.056874567260008,1.6251704838953238,1.8620703964093053,0.0517460894262497,0.0,2.4411267871410094,2.20169238796938,1.7801500999104447,0.0,0.0,2.065699260580493,1.9393867401719544,0.0,0.0,2.1728856241629253,2.2830029301969668,1.871528931811972,0.0,2.2195128325754334,2.0500279357010824,1.7327995175178752,0.0,1.9064154249846368,0.0,2.1674794083623485,1.7848719498759305,0.0,2.2361604743435497,0.0,0.0,1.7632051283918109,1.7080831616911925,1.9988879464788991,0.0013676101112644,0.0,2.0136888480995982,0.0,2.2629450295261853,1.813442861078716,0.0,0.0,0.0,0.9774571549420912,0.0,0.0,1.920772855207593,1.8061878828075857,1.8815939793473448,1.8799517358519915,0.0,1.7294951588622247,0.0,1.7435678200148046,0.0,0.014612819523926,2.0217807443971094,1.7545936736735066,0.0,1.2993176526740848,2.3514191585079574,1.9816775422181463,0.0,0.0,1.8147108517556323,2.0076522942317165,2.1988422266595617,2.6779345564771466,1.9659643881604767,2.250023304250216,0.0,0.0,0.0,2.5841249688023336,1.6641822641919428,0.0,1.8378825226164648,0.0,1.8713718771775485,0.0043685412290882,0.021022873469476,0.0,1.7666017039585635,0.0,0.0,0.0,2.0409549139310945,0.0,0.0967052612293914,0.0,0.0,1.9969045939699608,2.1765536462004893,2.1946316878983008,1.6706780039764553,1.7270423294647126,0.009866120429893,1.8682495964404693,2.99652506970182,0.0,1.837087401174151,2.1766729499443787,2.24073954360677,1.7449586718393777,1.92894272008332,0.0,0.0,1.5751985242881867,1.8165574395108424,0.0,1.9408302028290096,1.3556248651822,1.7406587193925398,0.0,1.7225034082238468,2.2379854102723,2.0702350152653666,0.0,0.0,1.8515736794616056,1.9839803539855625,1.754324181158683,2.0379582196101107,0.0,0.0,0.0,0.0,2.132984755353743,0.0,1.868324785108824,1.8201190775539429,1.978880685820417,0.0,1.375423282607838,1.7410132607951017,0.0,1.4797175590383782,2.5117149263847782,1.7570163411448376,1.8404086646543325,0.0,1.8580366947967164,1.7690973439915296,0.0789032886761552,0.0,0.0,1.7251100487299689,2.0002812203946942,0.0,1.6965331303666082,0.0,0.0,2.432366955796777,1.9878192332158249,1.9873182852135145,1.7285485024333622,0.0,0.0,0.0,2.0356801371513504,1.926007164459824,0.0227316660236495,0.0,0.0,2.0212756077143044,0.0,1.968481055811428,0.0,0.0,2.1670758727962403,0.0,0.0,1.875459172181912,1.6804071736030484,1.8484403002426104,0.0,0.0,1.854051953421444,1.6050328404222522,0.0,2.300801782858544,2.025327753511987,0.0120097770279815,0.0,1.9894065020319711,2.38543554871902,2.144722988023985,0.0,1.786075021821938,0.0,0.0,2.4428220589534493,2.3964904006164334,0.0,2.2810475937436108,1.3901339246433368,0.0,0.2506973758025171,1.4547533728996238,0.0,2.0132955660948246,2.023153383170134,2.1884358077715222,1.4998860577314306,0.1714876926206809,2.099769607046976,1.759045712323676,0.0,1.7816196877426638,1.8335310057133607,0.0,1.80342090638578,0.0,0.0,2.123695967342925,2.353173226110624,0.0097430100380851,1.6789203932984416,0.0,0.4789980907554572,0.0,0.0,0.0,0.0,0.0,0.0,0.0,1.5797568209741926,2.193821154695633,1.8318121832607352,1.7896787195906656,1.8172604818104143,1.7280893438718965,1.8612859579854704,0.0,1.5453919846783013,1.9616722249736047,1.7287878260918956,0.0,2.786397802483916,0.0,2.17541177506111,1.661299080835318,2.1020304452456577,1.990551087903044,1.437277026629577,0.0,2.2422692951003405,1.968847581240736,1.6598052090192903,0.0,1.8954951872325485,0.0032136331867898,2.169797612342345,1.80835885324874,0.0,1.9177846764421207,1.9246328292040205,0.0344355474704942,0.0,1.906915312289453,0.0,1.9543987000430685,0.0577424726267874,0.3179771794671916,1.7736931975604364,2.10540489622932,0.0122180403338307,0.0,0.0323593899964056,0.001113672856743,2.6934660446362697,0.0,1.9589459356539056,1.7955348079797944,1.764454119675846,1.8954423163537728,0.0,1.9659981195980365,1.9764048716449096,1.7672424831744136,2.268387829612714,0.0,1.9525020704461744,1.8300595214544504,1.7272786225534684,1.9435728677858088,2.0927108688519285,2.118385121049546,2.04949215142611,0.0,0.0,0.990292790245886,2.3142587739247493,1.7617451274985276,2.042006820901791,2.0411332657748047,1.6477961861110926,0.0,2.0164583454519285,0.0,0.0,2.3542808424300583,1.7929432685232591,1.8752998680857345,0.0015174151506499,1.751548895080384,1.9415852819274435,0.0,0.0006002532901083,0.0,1.6695194524629593,1.881612120797036,1.6008935615020818,1.6535179716405648,0.0,1.7109907171464682,1.7550531755029335,1.7101444728553044,2.2900672008782026,0.0,0.0,1.4604007384373796,1.7732075760863582,2.112758140135599,0.0,0.0,0.0,2.1772265772456527,0.0,1.912549477064792,0.0087962817015132,1.5930072989429331,1.7697105480179771,1.908605076541788,2.0861301325946044,1.931974007953144,1.325853732860948,1.7380783924242638,0.0,0.0,2.4838995272838766,1.5414961455399785,0.0,0.0,1.3501304293113108,0.0,1.6812716795500378,2.1431491984869,0.0,1.9027001193423383,1.9826355920972696,2.282093112570542,0.0,0.0010353461820572,0.0,1.7560756996661062,1.7173394185891655,1.840554460950424,0.0,0.0252327848422638,2.0877141478420187,1.8074723906992527,2.1721898598626472,1.8311254950452327,1.7640675699499493,0.0,1.816491011503918,0.0,0.0,0.0,1.7628849383263256,2.2038904932547663,0.0,1.868918207469998,2.5298805522813788,0.0,2.5677690443086307,0.0,0.0006819141082804,2.011641183642781,0.0,0.0,1.9520229444799744,1.925460789951344,0.0,1.817219045301408,0.0,1.9832531180996409,0.0,2.129054756137532,1.8789250561025084,0.0,1.7723624140079657,2.0636283236325506,2.114391658743833,0.0,2.0672158866574497,0.0,2.4267068455261347,0.0,0.0,0.0,2.1193763009367523,0.0,2.6994223044447465,0.0,1.8179882947187955,0.0241950137577132,1.9468443136985447,1.8052562584982008,0.0,0.0,1.4722138328788497,2.2070889598888286,1.4210194231649411,0.0,1.818870535362672,0.0421235720479783,0.0244266408642404,0.0,1.8071661382504227,0.0,2.28041141385309,0.0,0.0,1.8833566255102725,0.0,1.3660085781770588,1.9347395114746888,2.320668453898836,0.0,0.0041391463411819,2.1204687475193587,2.15836230903108,0.0,0.070147473251173,1.9116008922663563,2.4002803832219555,2.0455968223320617,1.932579443952806,0.0,1.7706419911972275,0.0,1.7232784807004518,0.0072847873969839,2.221348932347276,0.0,2.00411245125714,0.0,1.964282006476313,1.9930510155843888,1.860382893943044,1.938877709791874,1.880730125755072,0.0,0.0,1.8976436513920785,2.630734632272927,2.1922399815365448,1.84880275739147,1.94966097338213,0.0,0.0,0.0,1.8520168832107968,0.0,1.973229324129249,2.0952635022978874,0.0126025250007528,1.9671572473040293,0.0,1.7817454647742454,0.0,0.0010050384725597,0.0,1.863300828394876,1.9038957008743165,0.0,2.050860292991856,1.476267647678248,2.209678330382012,0.0,1.7468781894651282,2.146919130776514,0.1025388006149376,0.0,0.962242849827748,0.039119630707897,0.0,0.0,0.0,1.986426270145269,0.0,1.7388445512433643,0.0,1.256130566122238,0.0,0.0,0.0,0.0,0.0,1.986901607764588,0.6983178933984575,0.0,2.1995259596457486,1.807684823381968,0.0,1.827076172091648,1.7474927611293132,1.7836125048039193,1.6260029319847271,1.9107943205955813,1.769483100888917,0.0,0.0,0.0,2.0075138829427663,1.6395718563152823,1.910810671170124,1.8672856065274253,1.9624148159369748,0.0,0.0,1.945760668631988,1.8519421176002373,1.8977274920501777,2.4477172742314286,0.0,2.077324896953151,2.0983665390167974,0.0,1.9437083349249729,1.7513092426214194,1.759845453216759,1.8630712063719856,0.0,2.2787567840074745,0.0,2.4491113084150373,0.0,1.8416737599931448,0.0,0.0,2.2867241117635744,0.0129896884868524,0.0196504433514037,1.7088262285875244,2.5251199889909657,2.0961288331627217,0.0,1.7418144174356651,0.0,0.0,1.857005262933712,2.2781781728050823,2.066913203805888,1.9245869174602408,0.0,2.096476055776982,2.165129510367517,0.0,0.0,2.082324352841919,2.3041509334656367,2.308275039202359,0.0,1.6720723523976326,0.0,0.0,2.515395166106808,2.2527840557616967,0.0,0.0,0.0,0.0,0.0,0.0,1.59479283590144,0.6918465942375622,0.0,1.4752192395717811,1.4887877658871735,2.1097205655471605,2.128026350517596,1.7945335887347662,2.2946766487450887,0.0,0.314517423136943,0.0,0.0,0.0,0.0042902494214575,2.1435438760461643,0.0,1.9497835645894512,0.0408905463422404,0.0,0.8328871599836325,0.0,1.710156963817942,1.9048327194954653,0.1058664461439461,0.0038088065175675,1.7106889761667128,1.6871809328215015,0.0027883341660878,0.0,0.0,0.0,1.7868503724657632,2.494783383483618,2.1522343282521,0.0,1.733326616576621,0.0094253384603252,1.7414491218237311,0.0,2.0437020213851937,2.057292528576115,0.0,2.3855099859617788,2.2850048087344854,2.4195716665439395,0.0,1.8668235155593933,0.0,1.7971498375489212,1.9251459941585432,0.0,1.8983132788762016,2.2603702912347603,0.0,1.5441804401279873,0.0,1.5709549937296856,0.0,0.0,2.466097998700332,0.0,2.263027320159051,1.8789416841221849,0.0,2.5992729099559173,0.0,0.0,1.8927535695029631,0.0,0.0,0.0231743696508358,2.1203441482042003,1.5075380574298003,0.0,0.0,1.8564977272599328,0.0084141390821866,0.040480123275999,1.5320735417713156,1.8050537555122288,0.0,0.0,1.7181337476413472,2.1103198981508817,2.0119928224576107,1.6318070934208924,2.095947318024088,0.0,2.307656457199792,0.0,0.0,2.08701501356322,2.015272916088975,1.8142084523619773,0.0356044778066792,1.8380000890611583,0.0191762983329443,0.0,1.9137872198108297,0.020660678748814,0.003039520609446,0.0,0.0,1.8269589462566973,1.6106324948116897,1.9606702067253567,0.0055548419395264,2.0442021575034217,0.0,0.0,2.2938342527703948,0.0,1.9799530156187133,0.0,0.0,1.5799203480465926,2.310479266536332,1.7140516221046498,1.725597219983875,1.9841778012810427,1.751706554018991,2.711663255880655,0.0694161554786912,2.423895405470055,0.0,2.1438588413375896,1.6266498464701329,2.110161514234946,0.0,0.0,2.7436020512195096,0.0,0.0,1.7905763329574511,2.037670575386358,1.88907987972933,1.6275412094360795,0.0,1.7326741283443277,1.5038403934110214,2.331232745895704,2.104869003697428,2.008707929936782,1.7922282646021137,1.7574922853044623,0.0,2.275831371796877,2.173323037173444,1.308205279092719,2.3610492960228764,2.488279474537476,0.0,0.0,0.0,2.3012259572943283,1.8740573150354327,1.7233374334141982,2.212085908701173,2.2864341860205224,0.0,2.0662045180210926,0.0689000685643397,1.893074871844876,1.527200767252462,1.7996342341467657,0.0,1.9719245552206848,2.1638811561021565,1.9244439222669656,0.0,0.0,1.8593895728375045,1.7384517042113243,1.5664453475537965,0.0477930538616826,1.7058500696690633,0.0,2.526359984855429,0.0071395115718582,0.0,0.0280387192933482,0.2908629812100809,1.8633899653898127,0.0,1.731736782521624,0.0,0.0,2.2257287229833773,0.0,0.0,1.3939763135000849,0.0,1.7956485855738875,0.0,2.085312172029904,0.0,1.977977551797932,2.133042619558152,0.0,0.5293414949385693,0.0,0.0,0.0,1.7051751493550702,2.7349485318208684,0.1430440002556549,1.8775691847003173,0.0,2.482787954512685,0.0,1.8398671411736989,0.0,0.0040405493131028,2.0020348977375746,1.9473363508511328,0.0,1.8642810837480075,0.0,2.2268212811133616,0.0,2.68377447778394,0.0,0.0,1.79817930319124,0.0,2.165734370186645,1.8553859563665056,0.0083791731623422,1.7649799924905372,0.0,1.9822237762899173,0.0,1.7632160331390871,1.8737701628156584,1.867955268332445,1.7469342901180296,1.553329244502344,1.7471716956134895,1.9864399287924623,0.0141752338461134,1.967349984302544,2.159327446126301,0.0,2.5397138667090777,1.8372029425109984,1.930270961612092,1.868851385683924,1.946359774855712,0.0,0.0,0.0,1.7589667615709073,0.0,0.0,2.522361595966834,0.0,1.8706820015425425,1.8414662282311072,0.0,0.0,0.0,0.0,0.0378607712522492,2.1127746055550425,0.0,0.0,2.013171551470664,0.0,0.0,2.097132989576012,0.0,1.6604104644849491,0.0,1.8342227454504207,2.2561342241141844,0.0,2.0847824828871646,2.105586022282369,0.0,1.8799587709123249,1.6609911327932698,0.0,0.2068628479777334,2.144246766162965,0.0,2.4251220690871538,0.0,0.0,0.0,1.4023972070864004,0.0,2.173295607209844,0.0,0.0,2.3676540235101347,0.0,2.1076978045627195,0.0,1.989592518177168,0.0,2.399265438707598,1.9233481613232044,0.1038000036592044,0.0,0.0,1.5872465185320428,2.446351394935414,1.8399055204989985,0.0,2.403635535200063,2.1520851333292272,0.0,0.0,1.930078500044856,1.9616881710437293,1.8211243526138725,0.0097176703302183,0.0,2.2853260147420325,2.2256604986982773,0.0,0.0079061477240568,0.0,2.0323788143508112,0.0015835245572704,0.0143402405522691,0.0,0.0,0.0,1.9678601693563047,1.8992179522784096,0.0143295610984224,2.0827994857428216,2.0335185500068618,0.0,0.016187425745485,1.985375858789206,1.9051373175316348,1.9482973456878403,1.3914059063521342,3.2304474800107954,2.0600631363540254,1.7386327690790495,0.0,2.167109282143251,1.992543973871412,1.9494001639297007,0.0,0.0,2.41887471098966,1.8339182943026449,2.2974767785128405,1.907641943368251,0.0,2.091228966188663,2.298554385771425,0.0,2.2325964133585745,1.7312887880785433,0.0,0.0,1.5303174726152358,1.7234628028752317,2.2479464362834443,2.0115780055602666,1.9343041766773128,0.0,0.0,0.0,0.0,2.161898565872934,2.145402291584288,0.0,0.0020780654593956,1.7353605858707108,1.9507811017279792,0.0,0.0,1.6158624079906931,0.0,1.4387981933880838,0.0,1.7258184714581728,0.0,0.0038256127718781,0.0,0.0014887367237112,0.0,0.0,2.5248475144511,2.4115653764237632,2.2528480619993165,1.2637519352489486,1.87064106095094,2.0489771695392323,0.0,0.0,0.0077479875673422,0.0,1.847641114275848,0.7987097996849858,1.8759938409328083,2.068656334942347,0.0,0.0,0.0,2.145365076091439,1.3926617164196584,0.0,1.4995356807838085,0.0,0.0,0.0,0.2522606555695237,0.3659848279788825,0.0034848566335776,0.0,0.0,0.020603624859465,0.0,1.8793702030619368,2.033851429038166,2.178228974981831,1.8177341284651127,1.987277654676248,1.773493774264275,2.0795895621457032,1.922379080583998,0.0,0.0,1.8312620147933305,1.774029589460988,1.8938180899918136,0.0,2.0948545386704382,1.7734937656312906,0.0,0.0,0.0,1.8914805789048643,0.0,2.1458009326521053,2.0489981004057984,0.0,2.0750572753981107,1.9269305207730791,2.0359368032572056,2.20394634493389,0.0,0.0,2.495776209017244,0.0304579062571872,0.0,2.152179828690877,0.0,1.6899727698069174,1.9849246108309784,1.810354385653068,2.066293988882648,0.0,0.0,1.982842289943288,0.1113869906301062,1.4563034503053152,0.1101265738913551,2.0886805862024658,0.0,2.09589490711131,1.7794741338023012,0.0,2.30597809138275,1.9196971405306409,0.0,0.0,1.9990814183595995,0.0,0.0,0.0,2.2871653534769854,1.9972482731724108,0.0,2.128525934711304,0.0,0.0,2.171619133260916,0.0,0.0,1.31297086119733,1.9149439825986232,1.9294177658685168,2.4773282136385943,1.992900356490196,0.0,1.812532202300989,0.0,2.059163550391159,0.0,0.045962239340637,2.2217308274522205,1.9801758271009664,2.377681822732959,1.7231887564640662,1.9457120499843537,2.515705882890746,0.0,0.0052458645972673,0.0,2.0055735237662216,1.7440792639933766,2.2315615942446105,0.0019370203767303,2.1842976231459765,0.0,1.8031075571205248,2.149356171843434,0.0,2.3111903038875368,1.7065067027569452,0.0,1.7384156479304913,1.4883503615381544,0.0,1.941038618484512,2.123372452819389,0.0008520566198061,0.0571704670763418,1.8996053976710867,0.0,0.0,0.0,0.1839885991921075,0.0,0.0,0.0,1.4721268619341192,0.0,0.0,0.0,2.1906797012570265,0.0,2.057547419412825,1.7719196672307898,2.2372693334392246,0.0,0.0,1.762626605933586,0.0,1.7792307840790829,1.9135179615268985,0.0,0.0,1.7903849743265596,0.0,1.9609117044825235,1.818543464307172,1.6317391600656916,1.7590973479153384,2.2265711016658627,1.8462970206353333,1.7136147791252658,2.4849911472316606,0.0,2.457023380629032,1.9035958655155312,0.0,0.0067509055824998,1.957150145992804,0.0,0.0,0.0317990610896582,1.3745368994840574,1.8994249483769008,1.877309929261525,0.0235294963579414,1.8552461262180504,2.094715028073216,0.020352448272763,1.7672055645538456,2.029087070392098,1.8126902669151184,0.0249692028004771,1.762465229793895,0.0,1.9177111694812143,2.1076949948262294,0.0,1.466620917088815,1.8813753009661167,0.0,0.0,1.6209563074707427,1.925106041078661,0.0870718679686208,0.0,2.3955883963279816,1.92630415066859,1.842640748496716,1.8992080575730568,0.0,1.9707164134017057,0.0,0.0,2.0623277038095984,0.0,2.9384548915461988,2.397542711854173,0.0,0.1218094650038973,0.0,1.833493233105992,0.4978753572907471,0.0,0.0,2.1805252238875563,2.270022764070632,1.7719352769050067,1.5769180888984669,0.0,1.850797958380469,0.0,1.8441740470987744,1.8980535571461048,2.3566251591390714,1.7976105106476528,2.237329262123472,1.0420911101049914,0.0311004104632564,0.0,1.8628735785790385
FGF9,0.0,1.5269117120532774,0.0,0.0,0.0,1.2507419231648182,2.2106288335784603,0.0,1.6194426250876597,0.0,0.0,0.8171945102940124,0.0016753373780762,2.5728555910259425,0.0,0.0,2.282191687725314,0.0968102531611442,2.2912007957017715,0.1271982010476661,0.0,0.0014433893522314,0.015042008670842,1.8153898885289512,0.0,2.04381282251998,0.0,0.0,0.0,0.0203253034094347,1.5264925745136062,1.658688146986132,1.9538282267535043,0.1240449539063324,0.0042420901617958,1.806329163177545,0.0463998214049172,1.6527872883404762,1.5259833367646825,0.0,1.8145390757935127,1.8504129168535912,0.0016785050078968,1.4716789876388692,1.5488648092207054,0.1267533822327826,2.3475148818691194,0.8424513159233716,1.8199308396141607,1.5575134802084774,1.5867579999339083,0.0,0.0,1.8642109397222333,1.4371757465161703,1.7220390378072243,0.7971524182689296,2.1608274398514755,1.434553690381712,0.0,0.7290401677017591,0.0,1.977260885889628,0.0,0.0,0.1642969349915122,0.0129852856689473,2.353336887424171,0.0,0.0239245947891252,0.0,0.0,2.0597881743939395,0.0065868498630479,2.8705089881622823,1.8991800179419207,0.0155456828110141,2.292696827602453,1.2457423893596171,0.0,1.8036515819922192,0.0,1.488374767232328,0.0,0.0232353127784051,0.9562958908030328,0.0,0.0,0.0134320086851367,2.128756072175729,1.6068397922632,1.9386449002856696,0.0,1.6997187028083165,0.0052005380576887,0.0,1.5599399524342374,1.858106529632093,1.907764917653264,1.6040312170307425,1.678786830161512,1.838312888842334,0.0,0.0,0.0,0.0,0.0,1.7143459063264952,0.0,0.0071647249753178,0.0,0.0,0.0033084608491058,1.3984410974204964,1.3762566073171256,0.0058935300704083,0.0,0.0,0.0,0.0,1.4392742680913853,0.1082366721874779,1.7106051278307088,1.7741372001536106,1.753080805869511,0.0,1.5889410624876987,0.0,1.1905561804578777,1.5147039547945482,1.435323554247074,2.6441230895804093,1.7647887178128,2.1136903942866763,1.820889452634958,0.003988774560098,2.070294641863923,1.8659378795516224,0.0,1.924760814302583,0.0,0.0,0.0,1.7664825248255855,0.0,1.991204459307164,0.0,0.0078824417515076,1.7323885661265503,1.4658408286622349,2.112284907873625,1.966337116142844,1.5551066539755054,1.8887971039729523,0.0005995746395839,0.0092042085137761,1.561269762980325,0.0,0.925946150196514,2.0502449778199607,0.0,0.8446057911744334,1.7648078060723211,0.0,0.0053200197045679,0.0074906474119778,0.0406098070131152,2.36454632340178,0.0,0.0073784211555452,1.5341179300173693,2.1754531415056664,0.0024874696837386,0.0,0.0,0.0,1.6926135474580155,2.002925466642713,0.0,0.0262844697549298,0.0022191570767378,1.5446892861356931,1.6710705920846252,2.182116040129361,2.0148845717529102,0.0,0.0088266090243952,0.0,1.611518037737534,2.2119342422410675,0.0008683992068829,0.0107286152247688,0.0,1.6941375916856132,0.0,1.8126734482111084,0.0008056037990753,1.6386026075290416,1.4720669052753017,0.0032697291602974,0.02448730821415,2.4761688609267205,2.0756398261678184,2.081965884395209,0.0,0.0228137085670431,0.0,1.9806790264858505,0.0067117788107997,2.350509357086134,0.0,0.0,0.0048884071000025,1.44712396832253,0.0,0.0,1.7989459631321374,0.0,0.0038286552448422,1.1782691028408885,0.0,1.609640085351853,1.480858317052193,0.0370585520831115,1.816033807696768,0.0142787766990552,0.0,1.7670520266110594,0.0,0.0,0.0,1.9015968258979188,0.0,0.0014545674463488,0.0,1.8859857399032032,1.8367442691116007,1.667837213011645,1.6790526477176058,0.0,0.0,0.0,0.0,0.0,0.0311642718982672,0.0144147090603041,0.0,0.0,0.0007544559761823,0.0,0.1177482915184212,0.0260213332425894,0.0,1.2150795116933597,0.0,0.0,1.9550088291256729,1.6216261249840955,1.263566530952063,0.0018086318635736,0.0,1.5944813620769662,0.1555679456607934,0.0,0.0,1.7507490916307438,1.5573624770248424,0.0,0.0220354865453085,0.0,0.0,1.7445402263036731,1.8160407407602903,1.8899184092436188,1.4380152932289887,0.0,0.0022563940933567,1.5421082715271168,1.877446895782218,0.0,1.9876794514852,0.0112546593465954,1.9591749788356887,1.8417864129339687,0.0088040361546236,1.7907728009876405,0.9208885730698516,0.0,1.1676215335006516e-05,0.0149630578610206,1.470620164287785,2.3535823473067583,0.0,0.0029792530143486,1.4952197910361418,2.3615622043072664,0.0,1.5410108341775357,0.0058115377894164,0.0067907656658872,1.3418499169128937,1.6951782820516377,1.5346864715235415,2.2034780662154616,2.2746664567248813,1.5748251076358797,0.0,1.7690927546526225,2.4661924525495285,1.4505851073521752,1.6100315581063656,0.0,1.8138125647633687,0.0,2.063417719519892,0.0,1.7762866249446716,1.4439700769242594,1.708945217611117,0.0,0.0,0.0089937921011812,2.233594421678464,0.0,0.0,2.163692155398912,0.0,0.0,0.0,0.0012804124426758,0.0,0.1005443113287364,2.2573551742586844,1.5467276212047216,0.0,1.826565754684852,1.7959887302729538,1.5337600008076884,0.0,0.0,0.0,1.9184844647343784,1.8544100113923567,0.644263812496597,2.42716253042103,2.0466304385508343,0.0,1.8842445816430056,0.0,0.0046566344527937,1.8109468509483668,1.6465523683055745,0.0,2.390682705801108,0.3873928652656078,0.0,0.0359935450957425,0.0,0.0,1.9129300830924751,0.0,1.6898205349720992,0.0,1.7342902583888766,1.5987785698640784,1.910645517877887,1.7397361128850155,1.87652015717768,0.1776046438560678,0.2255375032875657,1.953592717729859,0.0,1.5691403417316905,0.0020141440691265,0.0,0.8549449485359196,1.7423153347629194,0.1365466064782194,0.0,1.7639363320597743,0.0,1.4843956673983507,0.0,0.2006910105987519,1.6436189015283391,0.0857238731921633,0.0,1.9656984992352509,0.0,0.0,0.0,2.387430187503299,1.7265203596378595,0.0,0.5223489075644479,0.0944657107118453,0.0,0.0,1.7338766026578138,1.7010699663148063,1.1048567148424084,1.50021279475718,2.195704509003319,2.3406474107641864,2.084634351216065,1.930956210396144,1.1826912292755036,1.141237381402491,0.039676034597446,1.5012510545758326,1.509645993746476,0.0054030840917099,0.0107393656086546,2.3498655850339563,0.0113859381872814,1.4002162867204528,0.0005271996733252,1.6347018116431844,1.039888247633935,1.191743181208338,0.0,0.0042348330327436,2.048514465753699,2.1861335408007614,1.8647265038641048,1.7127788888192856,2.082760527199324,1.5801655795787526,1.5668749191433822,0.0021498980702658,0.0028990866929679,2.1499930032134777,0.0,0.0092480143101962,0.0108518257933559,0.7373783476825863,1.6635608311626662,0.0,1.5944390077383397,0.0,1.0104200294972152,0.0,2.585996609390226,1.6114955736748855,2.564192376991256,0.7577203340560085,2.302546823055148,0.0,0.0,0.1193367721621292,1.7213216956321833,0.009814377552053,0.0,1.8918011266452093,0.0,0.008260361861419,0.0,1.8485819818044265,1.8859673686894272,1.4139420838255,2.066361939447827,0.0,1.9407271617465391,1.6057640864850349,0.0,0.0,1.5669711969039437,1.8099079478568527,2.0261718179861585,1.4066935891141068,0.0,0.0079135895406869,1.9149210490459097,2.5475950725063186,0.0,0.0018492397225868,1.688986648735409,0.1350697619989529,0.1572779008300961,2.1226823565929567,2.0787695167009184,0.0,0.0,2.0773663730731897,1.7862741862381402,1.8037227002848124,1.937477690387975,0.8390360401826104,1.7764020759655372,0.0,1.7689108403665532,0.0,0.0178946564316331,0.0,0.1497330838605974,0.0080795066756747,0.0,1.97493094977256,0.0137953589296447,0.7073211624110346,1.7975301523075466,1.973282622204755,0.8545487393292805,0.0,0.0,1.896422658818628,1.1008329789141906,0.0,0.0,1.2401083035885745,1.268257421562063,0.0,1.4218892758018755,0.6006390983112334,0.0970581857936065,0.0122283153132505,0.0,0.0208068522242755,0.0,0.0039007012244461,1.4532032672585615,1.9801474241515828,0.0,1.5893868846713588,0.00045256849974,0.0016101574024442,0.0,1.67558567646032,1.4946525631840826,0.0,0.0,1.7868094096927083,0.0011382888020382,0.0,0.3682498973720929,1.6299142495316132,0.0,0.0,1.3609783778679254,1.5909624543723937,1.9733326007608205,0.0128172621787968,1.8020869550975096,0.0,0.0,0.1481681886154976,2.757851987561072,0.0,1.2641886870767889,1.1167540673469123,0.0,2.050955382738247,0.0,2.1890612467497115,1.7741488761880575,0.7081049336886456,0.0,0.0,0.0013045704924918,0.0,1.8923546925174364,0.02750110105423,1.387059212741991,1.6571746792660331,0.0032318817467309,1.979361841868892,1.7420777520112758,1.304717800494698,0.0,0.0,1.898460147099608,0.0160961561942097,0.0,1.9704610554074715,0.0,0.0,1.980355170382484,0.0,1.9605195376229585,0.0,0.0,0.0,0.0408538672377846,0.0,1.6445207905113797,0.0,0.0014866737259166,0.0,0.0,0.0,0.0,2.4610951630760822,0.0,1.792627884895266,1.7330906982548913,0.0,1.3895313691127582,0.4110043226468579,0.0,0.0,0.0216866693678533,0.5679457269949261,0.0178775885960624,0.0207311904324932,0.4478967397270829,0.0,0.0,2.0376774532956965,0.0,0.0,0.0,1.6299343517093916,1.6220036474459836,2.1969775996938026,1.2098550801728076,1.440448925739353,0.0,0.0,0.0309692246405908,0.0,1.6929065356949042,0.0,1.9958327455770888,1.4007106035510748,1.8988133579318889,0.0,2.0046359485220977,0.005541265312686,0.0,2.4425059198725565,0.0,0.0,0.0,2.566102185379211,1.5493088481597928,0.0,0.0,0.0032786095195851,1.955326387727603,1.775714105240044,1.841819866719256,2.074377628835552,0.0,1.833026487805765,0.0,1.3153336160315985,1.5060090136066138,0.0,1.898202291052951,0.0,1.4091939789057333,1.8243000542975008,1.4027608745617342,0.0,1.8469260723733576,1.279157412942117,1.976878962671471,1.5747022805182622,0.0,0.081470320383902,2.620931392931426,0.0,1.3654956854178333,0.0,1.1753322068368068,0.0,0.0,0.0,0.0147819520076528,0.0,1.483950680856164,0.0,0.8540338395124497,0.0048937598684786,1.7100999734193616,1.7371664976562788,0.1044090820368261,2.616899339961995,0.0,1.6719613406811316,0.0,2.409267379433827,1.9779005369951264,2.283228406348195,0.0,0.0,1.997617145356232,1.8421709299795663,0.0615843324682048,0.5039615265622478,1.5328810828278536,1.8104587561683507,0.8593304119229968,1.6608117954123764,1.8933300398100432,0.0,0.0,0.0,1.8739326316630307,1.5621297310081093,0.0,0.0,0.1280965549363854,0.0,0.0010990031799919,0.0,0.3908334785814343,0.0,0.0,0.0,0.0020525103161245,0.0,0.0,2.3938486980180853,0.037191056754846,1.8675119305754293,0.0,0.0257670075722029,0.0,0.0065455754907717,1.7408451588271725,1.3545520031802327,0.0,1.6406580926406076,1.9435332694339325,0.0,1.3062426065978532,1.6728444638201705,1.9312654584707245,1.3698160270491873,0.0,1.5400937573379203,0.0,1.8396337018676503,1.9940143751916093,1.4840881751552528,0.0,0.0,0.0070865809521277,0.0,0.0,2.2340097978210425,0.0,1.3159318815899526,0.0053623956553118,0.0,0.0,1.5443718567485925,0.0,0.0,2.2774644451397354,0.9297000377119984,0.0,0.0,0.0,2.411202812856168,1.807036743588396,0.0049069628146398,1.9607013759702143,0.0,0.0,2.190497512927976,1.7314252111079749,0.956525342898368,1.2949389036482704,1.815581609608801,1.7500906960227645,0.0,0.0,0.0,0.0,2.3659593164268813,0.7825387774878542,0.0,0.0,0.3135664544198323,0.0,0.0,2.1512141791126727,0.2851521036102855,1.8294890540621649,2.2566468403535205,0.0,0.0,0.0176187255040329,1.6359250400743703,0.0,0.0003784457021199,0.0,0.0,0.0,0.0,2.250185854812452,0.0,1.9596537728810528,1.99311570158927,0.0,0.0,0.0,0.0,2.0256686045832883,0.0,0.7288084230877361,0.0,0.8581932757565844,1.732161639700155,0.0,0.0,0.0010363725921201,0.0,0.0,2.105515069135486,2.001423228790677,0.0012923898938628,0.2033849288953389,0.0,0.0,1.7214816910364823,0.0,0.025987176557808,0.0142150969594418,0.0,0.0,0.0006785405476617,0.0,0.0015680115339412,1.5620525017877125,0.0,2.2519349316526984,1.967337344278848,0.1580154459038522,1.8559615454327056,0.0,2.525920668367524,0.0,0.0,0.0,0.0,1.9483865616293616,0.0,0.0,1.2776123782727744,0.0,1.824635368487025,1.5329170779310688,0.0780770775315439,0.003980581894733,0.0,2.347551991157,2.2979085896305422,1.6620312262992507,0.0012074488129645,1.607809152463099,0.0,1.4225220272387522,0.0,2.0486445794539416,0.0,2.0793067685019704,0.0,0.1760452450885833,0.0,0.8726628650960829,0.0071058822942215,0.0,0.9897417515797649,0.0065543687612807,0.0028706797183466,0.0,0.0,0.0,2.4488319266449907,0.0010081003881485,1.9187635020536224,1.5399905853422775,1.2371282149534852,0.0,0.4502026412603879,1.1181136890117476,2.16510968001609,0.0,1.8140015561353489,0.0,0.0,0.4144565311621645,0.0,0.0,0.0,0.0,0.0032068963417032,0.0,1.635385039328771,1.744687783287107,0.0,0.0,0.0096524090866886,0.1097157794418939,0.0,1.0560029757101257,1.7328200722814746,0.0,0.0,1.7133838157079435,0.0,0.0,0.0260204894747873,0.0300521911247892,0.0,1.5882680217062646,1.9555709050346577,0.0,2.029922602444816,0.012472082807886,1.6740885807042851,1.3974848895444494,0.0037133899717131,0.0,2.0233764776199363,1.9712673152266909,2.5788655838549017,0.0,1.540101110748247,1.7009521143706676,0.0,0.0,0.0,1.8675475054826305,1.6690116204221397,0.0,0.004635673311524,0.0,0.0023491369162418,0.0169216288205531,0.0,0.0,0.0171369839354027,0.0,2.8595982002057965,1.752899963477215,0.0,2.209603968181148,0.0,0.0,0.0,0.0,0.4399155075797233,2.1453570206800063,2.023537317218262,2.1224308345881866,1.8425896812385936,0.0775361839532536,0.0143008974024467,0.0,1.5280489753522966,0.0,0.0,0.0766425258940364,1.8941293924602256,0.0,0.97069525518504,0.0,0.0,0.997729073301173,2.498780938233982,0.0,0.0,0.6022950824241238,0.0,0.0,1.8181629890736848,0.040577539531896,0.0,1.7569773571535443,2.04937801696465,0.0,0.6625792502864261,1.5454520871015578,0.0,1.6808779521087964,0.0,0.0,0.0,1.4395724668792964,0.0044872217254764,0.0,0.0,1.7104098102734933,0.0093617653496664,1.6008607239937458,1.3469147797437937,2.02796645199968,0.0249370057378011,0.0,0.0,0.0066476039444255,0.0,0.0,0.0,0.0,1.3636694928165471,0.0,0.0,2.071776405229511,0.0,0.0,0.0,0.0,2.0273376764897444,0.0113709500007445,1.953633898312256,1.9066198199700444,0.0,2.201657998454753,0.0024211686680022,1.7575785773525068,1.5440330943759806,0.0,2.0922504655491583,0.0,0.0048613571271385,0.0,0.0095973533821153,0.0,0.0,0.0019788099273144,0.0,0.0,0.0,0.0040207493963725,0.0,0.00790325819444,1.6459462451721096,1.6300993485299209,2.2530642732685977,1.8599212217910308,1.973441401023995,1.6356296902789411,1.7190620061332276,0.0,0.0,0.0,0.0012639070469802,1.5940204370412878,1.2672013677868224,1.8532301760145165,0.0,0.0848578721057274,1.1205959161790142,0.0,0.0,0.0036456250466182,0.0,2.0010865099468265,2.228810141564329,1.984881863932018,2.3253458965262843,0.0,0.0,1.944175824382812,0.0,1.8232450531987527,1.6408166102302095,0.0,0.0,2.060297779446896,1.5721927635809023,1.6824058768414665,1.3045831957093506,2.0032702661664423,1.5836374542700875,0.0,0.0,0.0827639610177591,1.2971494578827518,0.0,2.0191214579446086,1.996279375722686,0.0,1.5807575661570126,0.0,0.3157842095592975,0.0103587697971121,0.2370469912811288,0.0,1.563560534357386,0.0024338905706417,2.490066860663991,2.1231586933235405,0.0016278894657267,2.5428199927164097,0.0,0.0,1.8851409330189928,0.0046689586295676,2.2412954815913424,1.7131391629795407,1.7386158285472388,1.604503900231036,2.684132233047658,1.4344472829122494,0.0,2.0849582539872555,1.8526224421923485,0.0,0.0,0.0634325741770417,0.0,0.0146078820093397,2.3119897285006514,1.0794511912834193,1.8980646027138768,0.0,2.060631525290472,0.0,0.0,0.0,0.1972019076614108,0.0073440402153717,0.0,2.0456568914150632,2.192757940666042,0.0,1.7825813228454117,0.0201621558286407,0.0,0.954595420397825,0.0,1.5940923400569045,1.979138375629497,0.0,2.053340115521242,0.0008689883640696,0.0,0.1347025608716243,1.8776628020544337,0.0001208189400899,0.0,0.0,0.0,0.0,0.0595130385554385,0.0227298154503668,0.0,2.053755555596818,0.0,0.0170248053819641,1.719951401446188,0.0,1.4767852875907157,2.0617299414620858,0.0029135571603643,0.0,2.3716000941971545,0.0,0.0,0.0235731247951222,1.9307018075080704,0.0,0.0,0.0,2.0737699591915977,2.0426273420497827,1.950388958969412,2.5142950650758005,2.161649652963592,1.809041915515537,0.0,0.0,0.5643895806029395,0.0,2.1922990686517383,1.4425209442819982,2.20135550577503,0.0,0.2344796845973709,0.0,0.6555391115008767,0.0255339047491729,0.1256609515171498,0.0,0.0,0.0769872266674763,0.0484112957794846,0.0,0.0,2.4452618455963617,0.0023070117108015,1.4024449461183195,0.0,0.0,0.0,2.103118286129061,1.5515452338349904,2.098114656405253,0.0,1.9115322410296425,0.0,0.045113516515819,1.4418036001388048,1.4643031634119037,0.0,0.005856800995706,0.0086210416744916,0.0,0.0114301038409721,0.0,0.0,2.116646647909807,0.0,1.3972747962643142,1.9088655580429748,0.0,0.0,1.5242046527519555,0.0,0.0369511328308198,2.3152241660914368,2.246504123860225,0.0,1.5626244809086245,0.0,0.0672762394203068,2.167790129140973,2.02334893912594,1.7580330811410303,0.0,0.0,2.1101251555672267,1.9705666689939727,1.7456890234457705,1.8427928019197064,0.140940996645442,1.7664357644331805,2.147830241008933,0.0,0.0,0.0
FOXL2,0.0,0.0,0.0,0.0,0.0,0.0086351722378787,0.0,0.0,0.0,0.0,0.008420571119555,0.0,0.0,0.003815106380189,0.0812588780700185,0.0006746297669648,0.0,0.098063441103752,0.0,0.0044958224946896,0.0124566663960036,0.0,0.0030927039690516,0.0,0.0,0.0,0.0,0.0351971666630837,0.0,0.0,0.0,0.0,0.0,0.0,0.0,0.0,0.0032211966180613,0.0,0.0056149589855961,0.2419036070799017,0.0001475885809778,0.0,0.0,0.0,0.013301722080106,0.0036623382034133,0.0,0.0023765866280342,0.0,0.0598077076909787,0.0,0.0116228577201756,0.071178639259336,0.0,0.0,0.0045362879077783,0.0,0.0,0.0,0.0767321970180704,0.0,0.0,0.0684380964559683,0.0156703634521642,0.1627060531610288,0.0168656400659725,0.0,0.0007584265439456,0.0,0.0382185665028138,0.1389333714136538,0.0015340307881482,0.0,0.0,0.0,0.0,0.0,0.0,0.0,0.0,0.0333841802606542,0.000277694149309,0.0049292215939851,0.0,0.0526179347333372,0.0,0.0,0.0052983477812853,0.0134979374337427,0.0331963954897039,0.0,0.0,0.0131178689301879,0.0068702988828792,0.0,0.1858095699890744,0.0,0.0,0.0136324669473684,0.0,0.0012425354033476,0.0,0.3827484259276027,0.0,0.0048384184309691,0.0,0.0028535444961777,0.0,0.0,0.0125631624203721,0.0,0.0911296353414605,0.0,0.0,0.0169265544155075,0.0204056404548147,0.0039484625123308,0.0,0.0,0.069024426068004,0.1834777207404054,0.0,0.0052124953973488,0.1423552012428472,0.063893984896348,0.0,0.0,0.0144643269362779,0.0,0.0029654764602272,0.0608220797792826,0.0,0.0,0.0,0.0040751073621349,0.0,0.0,0.0,0.0,0.0,0.0,0.0024213014903399,0.0603382896327707,0.0,0.0090011189755256,0.0,0.0,0.0188246818252522,0.0,0.0,0.0,0.0,0.0190486351036706,0.0,0.0059849694563159,0.0,0.0,0.0071534963189654,0.0099288084805248,0.0,0.0,0.0,0.0,0.0117400429490916,0.0,0.0,0.0,0.0536710779534391,0.0,0.0,0.0,0.0,0.0,0.0126878418348189,0.0,0.0,0.0,0.0,0.0,0.0173867871893891,0.0704035937519067,0.0406083452543904,0.0,0.0,0.0,0.0,0.0,0.0,0.0,0.0,0.0,0.0,0.004385375832605,0.0,0.0,0.0,0.0020085680189481,0.1127687687066901,0.0611178920433453,0.0,0.0,0.0435529943842093,0.0667915129866024,0.0,0.0,0.0,0.0,0.0462198245055775,0.0884728085089167,0.0,0.0,0.0,0.0,0.0,0.0905777874738333,0.0036233246234951,0.0,0.0,0.0,0.0,0.0,0.0,0.016484647819846,0.0,0.0,0.0,0.0,0.0295431820763478,0.0031976827560978,0.0126060539474233,0.0,0.0,0.0064018429102162,0.0,0.0,0.0158012883264627,0.0,0.0085383203066099,0.0,0.0,0.1795366943377451,0.0,0.122794394344065,0.0,0.0,0.0,0.0,0.0,0.0,0.0155042214690358,0.0,0.0,0.0,0.0014624319946358,0.0192230924205331,0.0351817610296274,0.0,0.0,0.0,0.0,0.0,0.0,0.0,0.0,0.0241026618222495,0.0,0.0,0.0235444591037107,0.0,0.084364378077944,0.0899357914231703,0.0138695934395885,0.0,0.0,0.005026013645239,0.0004409003786305,0.0217219432776687,0.0,0.0,0.0,0.0,0.0,0.004543301859133,0.0,0.0,0.0,0.0379492508332388,0.0135115369475174,0.0,0.010315864847058,0.0,0.0,0.0208582799052046,0.0316484894271507,0.0,0.0094340659079379,0.0,0.0,0.0,0.0,0.0,0.0242710342709214,0.1491653311628937,0.0,0.0207181970825142,0.002144495436435,0.0,0.0729062230848489,0.0270725856516034,0.010971906234773,0.0860941417205047,0.0,0.0,0.0,0.0037024660783068,0.0,0.1457181661559964,0.0045192066873352,0.0,0.0,0.0,0.017711318609033,0.0,0.0,0.0016449851992628,0.0013854770076274,0.0042973889203313,0.0,0.0,0.0,0.0,0.0543639794306919,0.0,0.0945247386807727,0.0301532555002512,0.0,0.0,0.0,0.0021827577014228,0.0,0.081137000634832,0.0603127907902922,0.0,0.0,0.0031275068771868,0.0,0.009553351157886,0.0,0.1035760576437012,0.0,0.0004913843573373,0.0,0.0,0.0,0.0,0.0,0.0,0.0645374170734117,0.0,0.0091347546989901,0.0,0.0073880558143231,0.0059033751098729,0.0,0.0,0.014439180053955,0.1748506104729377,0.0,0.0,0.0029677429267307,0.0,0.0539872586765826,0.0,0.0,0.0052077566477607,0.0,0.0,0.0,0.0,0.0,0.0,0.0003893634029822,0.0,0.0,0.0,0.0,0.0,0.0,0.0,0.0,0.2536584461770246,0.0,0.0,0.0,0.0,0.0,0.043281237929892,0.0,0.0455263358831417,0.0722722673006349,0.0,0.0,0.0,0.0151781447495747,0.0,0.0032584699568567,0.0,0.0429934531242713,0.0,0.003187204265757,0.0,0.0,0.0,0.0305812362580607,0.0312749087454144,0.0,0.0,0.0,0.0,0.0559584169154858,0.0,0.0,0.0,0.0065282942696321,0.0,0.0,0.0021067542955286,0.1055577214600899,0.0,0.0,0.0141535775294766,0.0,0.0,0.0,0.0,0.0,0.0,0.047842712634535,0.0131218700678677,0.0,0.0,0.0,0.0788826564483149,0.0,0.0,0.0071467620798604,0.0,0.0,0.0018534717270067,0.0,0.1703123880612807,0.0299139900040454,0.0003440061844438,0.0076964436680496,0.0140689374676943,0.0,0.0,0.0,0.0,0.0080651898423684,0.0,0.0,0.0,0.0,0.0,0.0,0.0349772802698739,0.0,0.0021889156876249,0.0,0.0,0.0043316817209975,0.0,0.0,0.0006685238337177,0.0,0.0,0.0,0.0,0.0,0.0,0.0105059233434679,0.0,0.0,0.0423984657184135,0.0,0.0,0.0,0.0123184459622213,0.0,0.0,0.0,0.0,0.0,0.0054875471007423,0.0,0.0,0.0,0.0023358208573144,0.0482080337904229,0.0,0.0,0.0001010536391948,0.0,0.0,0.0109240495847204,0.0,0.0,0.0,0.0,0.0,0.0435883561147017,0.0048220582319243,0.0792740442678685,0.0,0.0,0.0870532327094509,0.0,0.0039308845334966,0.0,0.0288566956935793,0.0,0.0,0.033333286764395,0.0,0.0,0.0010855891621781,0.0,0.0,0.0,0.0,0.0,0.0,0.0,0.0,0.0,0.0,0.0,0.0,0.0,0.0749383162283921,0.0,0.0,0.0,0.065247771642973,0.0,0.0036781663722347,0.0,0.0,0.0405960996604705,0.0077211914942311,0.0,0.0,0.0,0.0033789707277067,0.0,0.0,0.1484324521626615,0.0,0.0,0.0,0.1141319978760617,0.0279875537012289,0.0,0.0,0.0,0.0,0.0,0.0,0.054075842831519,0.0,0.0,0.0,0.0,0.0144894173482867,0.0137757763643112,0.1016323695278206,0.0266806847110569,0.0,0.0076517981192623,0.0,0.0,0.0817735688389293,0.0218106755658891,0.0,0.0,0.0,0.0489747240912338,0.0,0.1020447595508632,0.0056975565075561,0.0,0.0,0.0,0.0,0.0,0.02945758586445,0.0751766849789484,0.0,0.0,0.0,0.0,0.0,0.0,0.0,0.0,0.00534819852241,0.0,0.0,0.0,0.0519397082572037,0.0,0.0,0.0,0.0,0.0,0.0014594121053908,0.0,0.0,0.0,0.0,0.0,0.0,0.0,0.008203139139704,0.0,0.0,0.0,0.0,0.0,0.0,0.0087706728349001,0.0063446245385764,0.0,0.0,0.0,0.0,0.0,0.0,0.037028527768473,0.0,0.0,0.0,0.0821399219855602,0.0,0.0,0.0386230436550891,0.0,0.0,0.0,0.0,0.1599859449694643,0.0,0.0,0.0059310328016104,0.0,0.0,0.0,0.1200605522791331,0.0886492169447839,0.0,0.0075617035196086,0.0646821633614162,0.018056349332727,0.0996996711284383,0.0,0.0,0.0117280055304949,0.0,0.0,0.0,0.0,0.0,0.0030300029134674,0.0,0.0646528559815485,0.0,0.0032469193838263,0.0,0.0,0.0,0.0,0.0,0.0237737090837397,0.0206201178383294,0.0,0.0,0.0045736207144188,0.0,0.0,0.0305323392736173,0.0149581326942298,0.0097547568343878,0.0060137138154539,0.0,0.0214056394729682,0.1596070669947499,0.0001454428070742,0.0,0.0,0.0,0.0,0.0,0.0449481788547185,0.0,0.0,0.0,0.0,0.0,0.0,0.1686881891447875,0.0,0.0,0.0,0.0,0.0717455883262816,0.0,0.0,0.0,0.0,0.0,0.0,0.0,0.0012842906046312,0.0241975446705055,0.0391673612683209,0.0078458974632982,0.0080951726267047,0.0,0.0,0.0509086235107007,0.0,0.0,0.0823324399998142,0.0,0.0,0.0,0.0003065006320886,0.0,0.0,0.0,0.0,0.0,0.0,0.0,0.0,0.0233759179985044,0.0,0.0345534850101486,0.0019941826507762,0.0,0.102643119987029,0.0,0.0297995180093023,0.0019410991253196,0.0,0.0,0.0589398856392498,0.0028016829110205,0.0843497610449733,0.0,0.0200123882148464,0.0,0.0,0.0195954474002936,0.0019728233859458,0.0,0.0,0.0,0.0,0.0,0.0018903452361157,0.0,0.0,0.0,0.0,0.0044204017955342,0.0025350837152485,0.0,0.0,0.0,0.0093712665291435,0.0,0.0,0.0648829581944563,0.0,0.0244656591225234,0.0,0.0,0.0543723302128877,0.0015422372680584,0.0,0.0,0.0,0.0,0.0028835153724597,0.0,0.0105220163181192,0.0,0.6908067795692956,0.0,0.0043791612902355,0.0,0.0,0.0437261308649927,0.0,0.0,0.0,0.0,0.0,0.0,0.0,0.0,0.0,0.0,0.0115383701867405,0.0,0.0,0.0001156986473417,0.0,0.0,0.0,0.016994115563822,0.0,0.0,0.0,0.0520716825841908,0.0312229904010807,0.0,0.0183218498263228,0.0,0.0,0.0,0.0,0.0,0.0174165453626435,0.0110690627940534,0.0,0.0,0.0,0.0292844237944914,0.0,0.0,0.0,0.1080575658542727,0.0125234424628311,0.0,0.006062364314962,0.0,0.0,0.0,0.0,0.0,0.0,0.0,0.026931819483125,0.0,0.0158023535491137,0.0056404575733583,0.0,0.0037199084585193,0.0070041626967794,0.0,0.0,1.429842287904728e-05,0.0,0.0151367972340516,0.0103534982972421,0.1010734310134843,0.0,0.0,0.0,0.0042610443075428,0.0632151606321803,0.0,0.0,0.0,0.0,0.0,0.0,0.0,0.0,0.0,0.0,0.0,0.0,0.0,0.0,0.0258985511036778,0.0905101559835671,0.0,0.0,0.0,0.0,0.0,0.0883910735485616,0.0632214598038885,0.0,0.0,0.0,0.0,0.0,0.0303891170169354,0.0515418370574928,0.1097135299243884,0.0,0.0,0.0,0.0,0.0,0.0496202757008354,0.0,0.0,0.0,0.0,0.0,0.0,0.0,0.0,0.0718067177681072,0.0,0.0,0.0,0.0759124184696534,0.0,0.0035053948805828,0.0,0.0,0.0,0.0117749939914634,0.1880047332268058,0.0,0.0056946621766898,0.0142498917163791,0.0072696185357838,0.0174767884855316,0.0699862563434636,0.0,0.0,0.0,0.0,0.0600255969935759,0.0,0.0,0.0,0.0,0.0,0.118167906470439,0.0,0.0,0.0,0.0,0.0,0.0,0.0,0.0053040947372357,0.0,2.2358433651643764e-05,0.0144653354641909,0.0,0.0,0.0,0.0,0.0124515162685522,0.0,0.0,0.0,0.0030346060422794,0.0,0.0,0.0184686941010826,0.0,0.0,0.0,0.0019811001432821,0.0722200981463816,0.0,0.0038570867224366,0.0304842953764954,0.0,0.0971757067870416,0.0,0.0,0.0333155449328741,0.0,0.0,0.0,0.0225310918216516,0.0,0.0,0.0,0.0,0.0,0.0,0.0,0.0,0.022399645753848,0.0095550841726899,0.0229901642120828,0.0,0.0,0.0,0.028666636701035,0.073289969518873,0.4393840784152985,0.0,0.0,0.0,0.0,0.0078578775912279,0.0,0.0,0.0,0.0,0.0,0.0181814543528987,0.119405846064524,0.0011942865639176,0.0303713686181016,0.0,0.0,0.0,0.0,0.0,0.0,0.0,0.0,0.0,0.0090936226913373,0.01611989631043,0.0163652399929824,0.0024278535199839,0.0,0.0503390844083245,0.0032892549743164,0.0,0.0,0.0325101097562411,0.0,0.0,0.0210345119671526,0.0048559570455231,0.0,0.0,0.0122491783603059,0.0,0.0,0.0,0.0,0.0867267384128804,0.0,0.0,0.0,0.0120196383051748,0.0,0.0086712985372215,0.0,0.4352782483966929,0.0,0.0,0.0,0.0,0.0976263158943865,0.0008026435017441,0.0,0.0,0.0378429194160053,0.0,0.0,0.0,0.0089409112032864,0.0,0.0,0.0,0.0,0.0,0.0,0.0,0.0,0.0046928059669306,0.0,0.0662099181301957,0.0071433041921238,0.0118502439579172,0.0037082052475736,0.0103730328125374,0.0,0.0021110223930389,0.0410001851929488,0.0,0.0029160514821266,0.0,0.0,0.0,0.0146045951823113,0.0,0.0,0.014756817554049,0.0,0.0,0.0,0.0,0.1575747351701001,0.0,0.0,0.097884600217454,0.0067274670754626,0.0153662188675511,0.0040760629302156,0.0041604964505915,0.0,0.0,0.0139736061727407,0.0100645872347801,0.0,0.0,0.0387232667876278,0.0082410715944898,0.0,0.0009901927172473,0.0,0.0007479345207613,0.0,0.0183973000809699,0.0202178581389029,0.0,0.0,0.0,0.0186372426997553,0.0,0.0,0.0,0.0364327380887825,0.0,0.0637936041544238,0.0,0.0001953320908579,0.0355635689045796,0.0,0.0010643400382771,0.0,0.0,0.0,0.0,0.0032412542694887,0.0,0.0,0.0,0.0,0.1195405399487979,0.0,0.1110949919541738,0.0154208914500995,0.0047845844372174,0.0069786108457018,0.0,0.0,0.0,0.0298711268001037,0.0024981422012708,0.0143859681583667,0.0084109304466778,0.0,0.0,0.0,0.0,0.0053886286792755,0.0,0.0,0.0,0.0,0.0,0.0,0.0,0.0491024530925774,0.0,0.0,0.0,0.0,0.0,0.0,0.0222215697881204,0.0080654674628807,0.0,0.0352637703065077,0.080317796035335,0.0,0.0,0.0,0.0,0.0,0.0982056376972259,0.0489007808853373,0.0,0.0020717152120723,0.0160229767780512,0.0006284332914838,0.0191793369067725,0.0,0.0,0.0,0.0,0.0033974502870145,0.0049313737666599,0.4454553338818151,0.006560745038617,0.021612831369047,0.0,0.0,0.0,0.0,0.0378742429475846,0.0,0.0,0.0,0.0062952254096913,0.0,0.0013480561119633,0.0338535480364643,0.0,0.0,0.0068845366975814,0.0369452367243243,0.0,0.0,0.0,0.0,0.0009367240946946,0.0,0.007625801680493,0.0,0.0,0.0,0.002273968360152,0.1110404907852591,0.0,0.0
GATA4,2.135541673698514,2.0913029190709227,0.0,2.208344516975881,1.8566489481425168,0.0,0.0,1.9201756671299648,0.0,2.3035510648977207,0.0,1.7200790096220937,1.6971238237360409,1.8248477396344425,1.7798835333399086,0.0,0.0,2.2512705887281257,0.0,2.1856740469034786,2.126070592166488,1.6535682991419849,0.0,1.6956158596580362,0.0,1.9714277729324687,0.0,2.0010115950853447,2.1753702877649137,0.0,1.8597756002703247,0.0,2.222085763310913,2.292210967419529,1.6348081926174205,0.0,1.3380364876747628,1.8912982462672367,0.0,0.0,0.0,0.0,0.0,0.0,2.182115655094087,1.594948986887845,1.9423002095505564,0.0,2.071603863042581,1.446287149977414,0.0,0.0,0.0,2.4102601414564324,1.762284697134885,2.089897663989581,2.5187858597553383,1.7938140690837725,2.279868785308256,0.0,2.151693756076574,0.0,0.0,0.0,2.409582429896973,2.7372553902553065,0.0,0.0,0.0,1.7017651396773248,0.0,1.4268644919403444,1.4358499090338936,0.0,0.0,1.6214464697955129,1.783758902927033,1.4914267099330465,2.07801514359982,0.0,0.0,0.0,2.5366270922405545,0.0,0.0,1.7133739990520367,2.054416906208348,1.6245030587930411,2.2097213077816087,2.297243746892967,0.0,0.0,1.6913027475373164,0.0,1.9376573885057304,1.752356311602682,0.0,0.0,2.354982800790666,1.9507405741944304,1.2251066030893345,1.8653842098130424,1.904896074786736,1.9693373786257675,1.557982630835259,2.085662890449187,2.076295881502056,2.05783557421083,1.8459166641105067,2.0496115237944537,0.0,1.9926630049222,0.0,0.0,0.0,2.343344445227012,0.0,2.708913082729832,1.4814590765607447,2.1630774558160635,0.0,2.105197961112068,0.0,2.4811917336077323,0.0,0.0,2.4729488541392426,2.108806049388257,0.0,2.026586144926777,1.837359282724904,0.0,0.0,0.0,0.0,0.0,0.0,0.0,0.0,2.19542406695406,0.0,1.8485323654009769,0.0,0.0,0.0,1.5409798441061406,0.0,0.0,2.9677847754947986,2.5355152208829552,2.3339801538691933,2.513782214442376,0.0,2.0995857733237786,0.0,1.8144257139910407,2.0175845615811734,0.0,2.4170762692594256,2.241164575415251,0.0,0.0,2.2584235250727587,0.0,0.0,1.8296458653615808,0.0,1.7629141998669158,0.0,0.0,0.0,0.0,2.3567308811456416,0.0,1.7822658807893952,2.2003293086393634,2.1464160855197782,0.0,0.0,0.0,2.527336229444085,2.000523249847616,1.5205856745628563,0.0,0.0,0.0,0.0,0.0,1.8965458901039849,0.0,0.0,0.0,2.1939785673389367,2.0701406189567133,1.5020815010797666,1.639760148223385,0.0,0.0,1.6203413401456677,0.0,2.2593868596036546,0.0,0.0,2.1051171672952944,1.912412511361468,2.09653072722008,2.009510950751481,2.231561466482087,2.059016405286247,2.322936407165032,0.0,2.0705885809190803,0.0,0.0,1.3223531259750088,0.0,1.4212788031049983,0.0,0.0,0.0,0.0,0.0,2.224729243698999,2.215228729400464,0.0,2.0859738466175024,2.171443595727519,1.3093518727095217,2.3173046739879366,2.08836988781892,0.0,2.2572961558244216,1.7524977709767366,2.044169500971272,1.4797234656273657,2.4029839551488923,0.0,1.5346973428503992,2.160111455653692,2.2074580623927784,2.3146263741739315,0.0,1.7288745784838568,2.658881545801701,0.0,1.809285123142624,2.414264144441073,0.0,3.1251180969852106,1.5593642881930536,2.349617149895685,2.1391561844604627,0.0,0.0,0.0,0.0,2.302876977550432,2.0513916807811325,2.3010807267362265,0.0,0.0,2.15756754451362,1.9126277884979483,0.0,2.563529442044983,1.467126333225811,0.0,0.0,0.0,2.15245931966605,1.9720988824979768,0.0,1.7778986825658518,0.0,0.0,0.0,0.0,0.0,2.0827490618140363,2.125999889262222,0.0,0.0,2.394002087263932,0.0,0.0,1.8885069906905,2.0502780192431938,2.048643631791652,2.28036844162309,0.0,0.0,0.0,0.0,0.0,2.085033978650394,0.0,0.0,2.367734792452247,2.063965658955019,2.600125174710909,1.7776167702093102,0.0,0.0,2.9031237786650994,1.6724501258279094,0.0,1.263179393806558,0.0,0.0,0.0,1.84754478044316,0.0,0.0,0.0,0.0,2.2710000795870324,1.976105412061408,2.107019744365557,2.615799109260855,0.0,2.2802605229026427,2.09622272857032,0.0,1.957421463061112,0.0,0.0,2.061006637048328,0.0,1.8178883674178845,1.9569751052000208,0.0,0.0,0.0,2.1268137549491373,1.5142525015406505,0.0,2.090132490524068,0.0,0.0,2.4330759323363527,0.0,2.4619259876575468,0.0,0.0,1.5548102156034285,0.0,1.7891341110670984,2.145146726321266,2.15329364221908,0.0,1.9530356661233568,2.448465257619977,0.0,2.4520514826966253,1.540787019626441,2.2714220085063084,0.0,0.0,0.0,2.4387063321725253,1.299739573828027,0.0,0.0,2.371648422941236,0.0,0.0,0.0,2.2506664364540474,0.0,2.0833931844943367,0.0,1.978175458319719,2.165155790290898,0.0,0.0,0.0,2.09713073844997,1.567300925769014,0.0,1.0616332943502644,0.0,0.0,0.0,2.4068038895782204,2.062432786360307,2.195415107622864,0.0,1.5923871319702152,0.0,2.1303094236908344,1.4591431455410169,0.0,2.1885162118278862,0.0,1.800034783562897,2.099778985444896,2.1234141210424857,2.350838329184608,2.118393179799445,1.9271759745978176,1.9493964806746813,0.0,0.0,0.0,0.0,0.0,1.8865017670641968,0.0,2.1757024281805,1.7606813636520742,0.0,0.0,0.0,2.1157211956101207,0.0,2.257711644078002,0.0,0.0,1.7277531283279433,1.837441852961296,0.0,0.0,2.6411277853386097,0.0,0.0,0.0,0.0,0.0,1.4468090506672406,0.0,0.0,1.8948000414113333,1.8141845695588,2.0879168187886665,0.0,2.062201028714714,2.3183234472004584,0.0,2.270495540061331,1.7171183831559431,0.0,0.0,0.0,2.227644040938909,0.0,2.4664505311675096,2.561610587064393,0.0,0.0,0.0,0.0,1.373863300732998,1.5927258451455766,2.074522133224842,2.07330785376282,0.0,0.0,0.0,0.0,0.0,1.845620916317176,2.2430035167152003,0.0,0.0,0.9891447984569932,0.0,0.0,0.0,1.9998783213489613,2.463676250664929,2.0654809903808458,2.0835732835342533,0.0,0.0,0.0,0.0,0.0,2.2844219614255974,2.3307776093340467,0.0,2.118919025742215,1.840099539223212,1.8742842800770407,0.0,0.0,0.0,0.0,1.8619578514626025,2.063903979015691,2.4250177000232886,1.6643483010759583,0.7312939091335623,0.0,1.5154092959874033,0.0,0.0,1.713017968454162,0.0,0.0,2.29364542550742,2.1919715864675458,2.9019630138762853,0.0,0.0,0.0,0.0,1.990100149750132,1.0998641113961056,0.0,1.927662201710352,2.131482770525009,2.449885609276143,2.1024667510841657,1.6669718390407535,1.821818955221833,2.8393741204070952,1.131804684001422,0.0,0.0,2.184473250630304,0.0,0.0,2.5699618751523614,2.514150951507755,2.07142153279284,2.193828014567192,0.0,2.531671774903528,2.0845968192247133,0.0,1.7875284814143224,1.6649925649438435,2.142322684811929,0.0,0.0,0.0,2.2042695129966146,0.0,2.4254885640279094,1.7482921432373535,1.8814725524881093,2.1651526438776374,1.9632120758602607,2.205699636127265,2.1299943453074053,0.0,0.0,1.6947860837179378,0.0,2.1130735249428567,0.0,2.3644246131247613,2.0657795812210424,0.0,2.1859823513755523,1.446238663749566,1.8484942065166257,0.0,2.1255829034295,2.2291817566539454,0.0,2.067556388538696,0.0,0.0,2.093228915759247,0.0,0.0,0.0,2.0620095502720224,0.0,0.0,0.0,0.0,0.0,1.7502609295199107,1.8140279640933523,1.6929357071172992,0.0,0.0,0.0,2.179176218898692,0.0,2.1705205211164067,0.0,0.0,0.0,1.973494847356892,2.36481148694961,0.0,2.194232153238663,2.0934791570788738,0.0,2.070202262266738,0.0,1.497672534939444,2.2506891163308778,0.0,2.1607699413022945,0.0,2.063111228892869,0.0,0.0,2.083746948663781,2.4453842616759807,0.0,1.9582795378030269,2.3353742298690854,1.6253424186817784,1.6990493922336671,2.1442573190112566,0.0,1.5503993149455673,2.148487099132794,0.0,2.1604545288755164,0.0,2.321117550883109,0.0,1.7458560308483706,2.480715560634755,2.2997055855149933,1.8439681083020063,2.169359694676361,0.0,1.4044570818409388,2.256453336824641,0.0,2.138699848795804,0.0,1.906573353870548,0.0,1.680204779570763,0.0,2.3453460891317603,2.167307566263504,0.0,0.0,0.0,0.0,0.0,1.932884409903613,0.0,0.0,0.0,2.050754662668952,0.0,0.0,0.0,0.0,0.0,1.6647429810444785,1.8002568734488695,1.9974752682367527,1.067584216050644,1.8796709801919087,1.943459524056942,0.0,2.627105405572809,0.0,2.119910213656687,0.0,0.0,0.0,0.0,2.6727821257243254,1.735157501275791,2.0312837348164754,1.940759656674684,1.3298729278504755,2.052413993956722,0.0,0.0,1.5433299819132906,0.0,1.884509845134396,0.0,1.6141549456746924,1.5990585481838844,0.0,2.213471491015272,2.1893400837529127,2.30130907690775,0.0,2.362497301798303,1.7665796168483738,0.0,0.0,1.7503157461751853,2.3152423258574744,2.486027863386266,2.4617953795209995,0.0,0.0,1.579645196952007,1.8473775054770567,0.0,2.1825959515472246,0.0,2.1565379775965567,0.0,2.037784828985791,2.0278453120495943,0.0,1.8363710053920368,2.343675780360835,2.2645902567148264,0.0,0.0,0.0,2.0736639486078685,2.1120498147668294,0.0,0.0,2.683779176691744,0.0,1.9296461007293395,2.4710698207509583,0.0,2.2875321224084035,0.0,2.050378129038146,0.0,2.134334588567416,2.158331544441288,1.492476477898164,0.0,1.942073163838556,0.0,0.0,0.0,0.0,1.7145824307435131,0.0,0.0,2.226532091550604,0.0,1.9736274759751573,0.0,0.0,1.781677721600801,2.4548621760813774,2.1091261294141392,0.0,2.5640946352028813,1.5324291384576485,1.8520528281578343,0.0,0.0,2.2490458303165486,0.0,2.1338279795848445,0.0,0.0,0.0,2.1710659433770534,0.0,2.1413758877395246,0.0,1.7115901966265674,0.0,0.0,0.0,0.0,2.0774349183237995,0.0,0.0,2.3024312452058497,0.0,2.4270305548541384,2.0605450509575234,0.0,1.966829696260576,0.0,2.3382952413933964,0.0,0.0,2.022512237262515,1.619079997048661,0.0,0.0,2.5604611824080847,1.9156566116091165,0.0,0.0,2.012936126467324,2.1277166917176387,2.2435954538961096,2.0595017055500047,0.0,1.883936340291328,0.0,0.0,1.45531269286263,1.9163191365778227,0.0,0.0,0.0,2.258547090963616,0.0,1.839743748991992,1.9288847945801184,1.8932677016990047,0.0,2.5178923888766587,0.0,0.0,2.6751427042196534,2.3501818703575243,0.0,2.066077313380799,2.0623669859188203,2.0678127088484595,2.0802294954947125,0.0,0.0,0.0,2.026091430717792,0.0,0.0,1.4599008784361664,0.0,1.6419970555761434,1.6701057228768232,0.0,2.1321458914179967,0.0,1.3163243611375446,1.5919020745934245,2.169864388056701,2.0448580349755963,2.4119525876478662,0.0,2.304184603934341,0.0,0.0,2.083369806329065,2.084982630841889,0.0,2.1557662693473456,0.0,0.0,0.0,1.8220669861321743,0.0,2.2849889696274883,2.6493184564468386,2.1902545750805933,2.0956186149357743,0.0,1.6526035611142784,2.3743067664625856,2.2598428953677168,2.3772009582521325,1.8815843425378755,0.0,0.0,2.135611034113777,2.171039719671214,1.9482849160700035,0.0,2.2588993951921705,1.9954227069594777,2.3454061719017543,2.1478584666957703,2.1614802730262066,2.306607579498186,2.478025134023496,2.162378926363901,2.134729867169537,1.9124825535815009,0.0,1.5771405973242183,2.0594616084434003,0.0,0.0,1.7442883162437144,1.9006608782336647,0.0,0.0,2.1530448450133743,2.1034629054399625,0.0,2.06134878574588,1.6925319170697082,0.0,2.249697636261148,1.4015914276880703,0.0,1.8704735849257443,2.0581115599421205,1.8531422626516232,0.0,0.0,2.364515257784608,2.166259644782837,1.4100304732828934,2.0545300238523776,2.268531526194584,2.1975092908754035,0.0,0.0,1.6544051260578423,0.0,1.611082820169873,1.9760834315084768,1.891111227766512,0.0,2.6637546423476386,0.0,0.0,1.9563364359748248,0.0,2.1535130027753704,2.128932316329844,2.1078563561719874,2.1482283368001385,1.9609127085664524,2.0808185507897834,2.1246886898001422,2.0583765239486604,2.118202561200482,2.0754906905540884,1.87679317075644,0.0,2.1722277758353816,2.0654940812014626,0.0,2.2316569473355337,0.0,2.9537041694212287,1.8620792677594105,0.0,0.0,0.0,0.0,1.406946577004609,0.0,2.0582877411124483,0.0,0.0,0.0,0.0,0.0,1.9026623234647184,0.0,2.049896025634544,2.19026879416338,2.326686082550684,1.5749556602977266,0.0,1.4809429473645557,0.0,0.0,0.0,0.0,2.054136647450046,2.286164253459465,0.0,2.293917049429284,0.0,0.0,0.0,2.05835325305,1.5188253727569734,1.5089347403336273,1.3711367664030654,2.1770461465894946,0.0,0.0,0.0,0.0,0.0,1.5848439545678503,2.436710342738753,0.0,2.1807543041976083,1.9217782866167343,1.6916704061150805,1.2121187078424949,2.3467037350263418,0.0,2.1710759981785617,0.0,1.482940600813197,2.2676358227799103,2.171238242963829,2.5291814324852475,0.0,0.0,2.2979590281479685,0.0,0.0,1.7861959399352991,0.0,3.0695038877442222,1.7073100316301555,0.0,0.0,2.0890166944135307,2.269440138420092,0.0,0.0,2.1201059378480407,0.0,0.0,2.085729356569852,0.0,0.0,0.0,0.0,2.085551466583038,2.0861904968105445,2.0768205577624785,0.0,0.0,1.802071699769476,1.4465750170413936,0.0,2.29843919685336,0.0,1.5793364193842652,0.0,2.3144187766254283,0.0,0.0,0.0,0.2042706888546135,1.8007246725190822,0.0,0.0,2.345447074562356,2.1120151202240143,0.0,0.0,0.0,0.0,0.0,0.0,0.0,0.0,0.0,0.0,1.5454890279721452,2.481781902277321,2.2975795753081285,0.0,0.0,1.37457872995973,2.325378421333291,0.0,0.0,1.88107563146144,0.0,2.580039919574445,2.457787692862185,0.0,1.878366233587484,0.0,0.0,0.0,0.0,1.7255990421737732,0.0,1.7159539602527718,0.0,0.0,2.1085229324000787,1.8390607332537792,0.0,0.0,0.0,1.5571523016610982,1.7973437917824284,1.6061549199479703,2.0556683768791366,2.204867592992785,0.0,0.0,2.5050085353189457,0.0,2.20181653123914,2.104632923511522,1.9046384829787395,0.0,1.7668029075719662,2.1642232555271703,0.0,2.408426165295261,0.0,2.199328612773547,0.8636829737539633,0.0,2.1079869963216225,2.1109769352644525,2.302396515137179,2.25596600923851,2.29086035553041,0.0,1.9635290844057136,0.0,1.8026296113647151,1.9406651519312268,0.0,2.0109803450868107,2.7084491841045004,0.0,2.5867892708928943,0.0,0.0,2.4170216083230343,1.682645649626458,0.0,0.0,0.0,0.0,0.0,0.0,0.0,0.0,0.0,2.2955918577539185,0.0,0.0,0.0,0.0,1.690933363623904,1.5086493748190584,1.6836561880699128,2.125397495099692,2.134884679275366,1.4417152203678616,2.038815547046692,2.307983649337051,2.144682293210361,0.0,2.4329050956033607,0.0,2.1771874551335264,2.1060772159669234,1.9007498910726184,0.0,0.0,0.0,1.5869808553030649,1.6660423679550878,2.220816988062112,2.111468533339445,2.3125056852769363,0.0,2.1330725448713417,0.0,0.0,0.0,2.3166171220772096,1.8327607236763628,0.0,2.2552443529550423,0.0,0.0,0.0,0.0,0.0,0.0,0.0,0.0,0.0,2.097055551400385,1.6625533638284755,1.61021372523128,0.0,0.0,2.0637328943358297,2.4363407286946086,2.0662765173404183,1.4136265432295636,0.0,0.0,0.0,0.0,0.0,0.0,0.0,1.4419341281595528,2.330437653002372,0.0,0.0,2.370308475631857,2.6964213092632305,2.1944622033046453,2.312060182217221,1.806628677866044,0.0,0.0,0.0,2.1012359973059964,2.0615287709430907,2.0811026276017444,2.0693891728865474,0.0,0.0,0.0,0.0,0.0,0.0,0.0,2.321140859196607,2.1531162055438653,0.0,0.0,2.136131473686086,0.0,1.2905818677324477,0.0,0.0,1.039534602765484,2.12552874669328,2.4607620506302967,0.0,2.3332274993012185,1.8735658074169887,0.0,0.0,1.7257455559992714,2.0468136484522947,2.406737013936449,0.0,1.8208915857323384,1.4270801041667105,1.7137910264222556,0.0,0.0,0.0,0.0,1.846084311867352,0.0,1.8670646413851704,2.3503155611144857
NR0B1,2.233058860190845,0.0,0.0,1.85822785109262,2.2319017529625933,0.3697880098087816,0.0341640969627134,1.8549022465929232,0.0,2.027017460065663,2.567497008839382,0.0,2.6341303790442696,0.0,0.0,2.055640933746313,0.0,0.0,0.0,1.3807743880976902,0.0,1.3464200142003229,0.0,0.0,0.0,0.0,0.0,0.6400775546067017,0.0,0.0,0.0,0.0,0.0569234455269664,1.8867765961364005,1.6638511619205172,0.0,1.9884437883694788,0.0,0.0,2.088933920875613,0.0121442943993863,0.0104676538351129,0.0,0.0,0.0,0.0,0.0,0.7736945042064252,0.0,0.0,0.0,0.0,2.24128012224018,0.0,0.0,0.1991920884432934,0.0,0.0,0.0,0.0,0.0,2.071510560252092,0.0,1.7923705263889091,1.9386561884175737,1.4402305212244089,0.0161975937743892,0.0,1.566286330040758,1.6728025160937987,0.0,2.002028682760808,0.1096475329198397,0.002079376882852,0.0,0.0186173314549187,2.1546833883000285,0.0,0.0,1.939374457933544,0.0,0.0,0.0,0.3494548892482994,0.0,2.0499968543684584,0.0,0.0,1.8623121399625624,0.0072352568063608,0.0,0.1540785939961754,1.5878295289443425,0.0495657038178237,2.2104556251318503,1.862323931805103,0.3552289925936478,0.0994660285363377,0.0,0.0,0.0074557641086384,0.0,2.181424617252348,2.0271904966213703,0.0,0.0,1.834801920556825,0.0,0.0,0.0060936735661301,0.0,2.074839658688433,0.0,0.0,0.0,0.0,0.0,2.0868469661367266,0.0,0.0,0.0,0.0,0.3233776259403359,0.0390777356340847,0.0,0.0,0.8521575635291555,1.539721032471833,0.0,0.052076271863253,0.0,0.0928945517595676,0.001087821950004,0.0,0.0,0.0,0.0206790873992982,0.0,2.282277150514544,0.0,1.4319468535826516,2.3547783277435625,0.0186229328306884,0.0,0.0,0.0,0.0,0.0,0.0,0.0,0.0,0.0,0.0,0.0,0.0049357612634398,0.0,0.0,2.205857786720671,1.3120098115979622,0.0,1.8981367869462364,0.0,0.0,0.0,0.0,1.880131547180996,0.0,0.0,0.0,2.447238325312425,0.0,0.0,0.0,1.9598080747600264,0.0,0.0,0.0,0.0601767415222313,1.4183292202222124,2.356853505201903,2.272901331330289,0.0,0.0,0.0,0.7058817117359306,1.8208934295988768,0.0,1.7475226533623438,0.0,0.0068697812410286,0.0943744069533649,0.0,1.8278264149503924,0.0,0.0,0.0,1.845976655281244,0.0,0.0,1.9818412568042327,1.5237898554356784,0.0,0.0,0.0014479257723615,0.0,2.053138146012345,1.8398625359011,0.0,1.7862882979683616,0.0,0.0,1.644925986226094,0.0,0.0,1.9018384823818104,1.5462567970125922,0.0,2.1016497089523978,0.0,0.0,2.0991840721515005,0.0,0.0,1.7468312625661246,0.039849197798007,2.29189299985894,2.503976145906378,0.0,1.30430426493496,0.0,0.0,0.0,2.028366829388214,0.0,2.0185333838367603,0.0,0.0,0.131617874880261,0.0260713011278081,2.082257894934718,0.0,0.0,0.0,2.172387415106844,2.048725491843946,0.0,1.8394394348991847,0.0,1.6347308480648763,1.9488380207534264,0.0,0.0,1.4736817167862568,0.0,2.2559933072441485,2.0278728481804964,0.2124407877814368,0.0,0.0,2.184463570894595,1.985782091577677,0.0,0.0,0.0,2.533350997698831,0.608913002210576,0.0,0.0,2.1999598633885085,2.0015802792556383,2.252676880013288,0.0,0.0448268624474574,0.0,0.3823650147482008,2.040299944011258,1.9206027940045167,0.0070497906979335,0.0,0.0,0.0,1.1961346854564223,0.0,0.0,0.0,0.0,0.0,0.0,2.0133016209185577,0.0,0.0,0.0,1.1263907284864028,1.839666980542349,0.0,0.0,0.0031208328041893,0.0,0.0,0.0,0.0,0.013015341004643,0.0131011489218721,0.0,0.0,0.0,0.0,0.0244048363373893,0.0,0.2231623245754782,0.0,0.0,0.0,0.0,0.0,2.5297901571201624,0.0,0.0,0.0,0.0,1.7164938199115074,1.9357508290598084,0.0545866087760359,0.0,0.0,0.0135412281518246,2.22955897172652,2.0003743406147816,1.9468403224923847,0.6682336290024712,0.0,1.4128000198665105,0.0,0.045260648950354,0.0,0.1451780049737256,0.0,0.0,0.0,2.0031415247326345,0.0,0.0,0.0,1.540372922474493,0.01601893544057,0.0222744749328717,0.0,0.0162328316525743,1.922359909709052,0.6467881725656287,0.0,0.0,2.1471308391148987,0.0684070407321006,0.0,0.0,0.0,0.0,0.0,0.0,0.0,0.3527715052432785,1.7768581409666595,0.0,0.0007571741736967,0.0,0.5588818230097635,0.0,0.0,0.0,0.0,1.3383334715146389,0.0,2.20878496532405,2.649590324811449,2.049070056495709,0.0,0.0,1.8741882482830825,0.0,1.7173356071777977,0.0,0.0,0.0,0.5221590556683712,1.9201936661961936,2.369449342594898,0.0,0.0,0.0,2.039575606105799,0.0134088193618388,0.0,0.0,1.0882862586661692,1.778484793551777,1.893001611536708,2.0362281313577406,0.0,0.0,0.0,0.0755273255707143,0.0,0.0443379758262003,0.0661434360188981,0.0018420625598601,0.0,0.0,0.0,0.0587712720115375,0.0,0.0048302358077908,2.6525366002171813,0.0,0.0,0.1490686355882961,1.8678252729035605,0.0,0.0,0.0,1.9788081797444224,0.0,0.0,0.0,0.0,0.0,0.0,0.0,0.0,0.0,0.0,0.0220043235140976,2.08622171344396,2.035715357720898,1.94150954271452,0.0,0.0,1.019861405538451,0.0,0.0,0.0,1.3934001837639984,0.0,0.0795107882544005,0.0,0.0,0.0,0.0030270803843411,0.0,0.0,0.0,0.0048010696567272,2.3083075382975897,0.0075246604844998,0.0,1.8825937278094955,0.0405757879581229,0.0,0.0269693153470779,0.0,0.0,0.0,0.0,0.0,0.0,1.6585848301456068,0.0,0.0034804912406285,0.0,0.0,1.4806957084572008,2.811962975682404,0.0,0.0,0.0,0.0,0.0,0.0,1.7110764016387998,0.0757680986548806,0.0102631501959646,2.1793631638285995,0.0,0.0,0.0,0.0,0.0,0.0,0.0,0.0,0.0741741702503622,0.0,1.5498262931874345,2.0756926438969807,2.1191488040793804,0.0099870302615802,1.8797832735289453,0.0,0.0,0.0,0.0,0.0,0.0,0.0,0.0,0.0887242190310112,0.3138587128741137,0.0,0.0,0.0,0.3112172628633167,1.1780761433691005,0.8474991366330337,0.0,1.8346807383236103,0.0,0.0,1.5724831118576792,0.0,0.0,0.0079690693485871,0.0,2.0382001696234284,0.0,2.0320975297928445,1.672921509450309,2.0586138262717624,0.0,0.0,0.0341031354658786,0.0,0.0,2.083245234190302,0.0,1.908529963287884,0.0,0.0,2.6012481153345983,0.0011787983075291,0.0,0.0,2.3641517955285085,0.0,0.0,0.0,0.0,0.0,0.0,0.0,0.0,2.0746769309615605,0.0,0.0494164522793187,0.0,0.0,0.0,1.8600551957688016,0.0179874420684039,0.0,0.0,0.0,2.049346390718367,0.0080712088549067,0.2415545314197517,1.6741402391406544,0.0801970001386343,0.0,0.0,1.685342657592738,2.14474569023703,0.0086753043163693,1.2147768411343365,0.0,0.1439416627039666,1.3881546455445444,0.0,0.0021825118178305,0.0,0.0,2.400346709762,2.132441079470276,2.005155703932516,2.507665604300674,2.0127639416466367,0.0,1.7891080773750712,2.7724716053711016,1.7551616820792475,1.8795109191020123,2.459592716139658,0.0,0.0,2.350367017732957,0.0,0.0,0.0,0.7140973319620462,0.0,0.0041789258231145,1.8004215562208632,1.9470128708212004,1.7881365323837666,0.0,1.8096996545837645,0.0,0.0,1.5244760972062277,0.0,2.478648213724402,2.000074260817974,0.0,0.0,0.0,0.0034672891773154,0.0,0.1676088566362346,2.3410858748644108,2.293425779815246,0.0,2.0591675115273773,0.0,2.3558080928665954,0.0,0.0,0.0,0.0,0.0,1.9192261994441,2.476130827576801,0.0,0.0,1.7660863623264478,2.012596379416512,0.0053134812264692,0.2453603298978297,0.0,1.9433906492882127,0.0,0.0413994654209705,0.0,0.0,0.0,2.153269230384156,0.0,0.0407310316382583,0.0,0.0,1.9612422328139008,0.3282723130761477,1.4772928264235512,0.057380856516393,0.0420215653922168,0.0,2.018869507109564,0.0045236978091515,0.0262777356550617,0.0,0.0,0.0,1.6212409274585942,0.0679506851769008,0.0,0.0,0.0,0.0,0.0,1.9574166931987853,2.138683424532009,0.0028669336631362,0.0,0.0012699737337023,0.0392692647509258,0.0,0.0144563088585335,0.0,0.0,0.0264776576607019,0.0,0.0,0.0,0.0,0.0,0.0,0.0,1.5845179648235617,1.373234437626517,0.0591064473886044,0.0063162609255038,0.0,1.8540611589499305,0.0,0.0,0.0,0.032669551873452,0.0,0.0,0.0,0.0,0.0,0.0,0.0,2.452640793904839,0.0,0.0,0.0,1.6459676403509669,0.0,0.017841843111049,0.0,0.0,1.932223397355576,0.0,0.0,0.0,0.0,0.0,0.0,2.253262725759773,0.0,0.0,0.0248124050808617,0.7171354153249809,0.0,0.0,0.0,1.6890415260974958,0.0137312516736769,0.0,0.0,0.0,0.0,0.0,0.0,0.0,0.0,0.0,0.0,0.0,0.0,0.0,0.0,0.0,1.8554764237583767,0.0,0.0,0.0,1.7374739096520984,0.0,2.2152200046955697,0.0,0.0,1.0693921323585551,1.5643533611812626,1.997363810806292,0.0,0.0,0.0,2.3244866978809,0.007028961691964,2.137251004245519,0.0,0.0,0.0,0.0,1.813609028591763,0.0,0.0,0.0,1.894676407607692,0.0,2.0744336322900043,0.0,1.6974356295175446,2.321968460894224,1.6412351960847664,0.0,1.8538202908739805,0.0,0.0,0.0,0.0,0.0,0.0100090332512011,2.361175447934001,2.3340143119326053,0.0,0.1384161567518357,2.0569471042565928,0.0,0.0,0.0,2.213402117727685,0.0,0.0,0.0,0.0,0.0,1.9187410692795988,2.370980572194143,1.9002961123865485,0.0,0.0,1.8925804280024456,1.5481205640099511,0.6454689671295493,0.0284622144950709,1.7862429799163129,1.836568714434612,1.927308654134788,1.9494490023397764,1.7052956041164755,0.0,0.0781980388424058,1.8593580430346868,1.6240763934335694,0.0,0.0,0.0,1.985802651167566,0.0,0.0,1.871837524943552,2.215500765590705,0.0,2.370962550085764,1.5598343370225265,0.0,0.0,0.0,0.0,1.7113463448369135,0.0,1.9681123253802653,0.0,2.2517655394004046,0.0,2.35685095945992,0.0076530510904867,0.0,0.0,0.0,0.0,1.6700894845737342,0.0,0.0,0.0,2.091463173470253,0.0,0.0,0.0,0.0109606158964508,0.0,0.0329865140520043,2.3613837238244813,0.0,2.475507558431027,0.0,1.7584410303132518,0.0036335751707374,0.0,0.0,0.0,0.7046431331641406,2.108630192258641,0.0,0.0,1.9662642912030688,0.7909340884173692,1.8053469309478576,2.2136788290313696,0.0,0.0,0.0,0.0,0.1060288736739837,0.0,0.3890021607330126,1.971243537196488,0.2026290319364046,0.001952535932727,1.7845624437779826,0.0,1.906116546044741,0.9125199753874028,0.0,0.0,0.9092740879048292,0.0,2.6247494654553107,1.981341284109981,1.8706469294008183,0.0,0.0195165127364956,1.8923027875901144,2.5316382451428256,1.969605667532524,0.0,2.2092811966869133,0.0,0.0,0.0,0.0,0.0,0.0485191207863918,2.243640445675473,0.0,1.8476746253609588,1.9943749622478868,0.0063634343134058,0.0,1.5064924557347172,0.0,0.0,0.0,0.0,2.1461797108539056,0.0,0.0137581383782211,0.0,0.0,0.0,0.6364492849688944,0.0,2.0013014283334667,1.0714496271157978,0.0,0.0,0.0,2.0617326064766086,0.0,1.6674555035656595,0.0,0.0,0.0,0.0,1.8955127665614084,0.0,0.0,0.0,2.0790921292407787,0.0053935337946213,2.3206768768060257,2.067906642751796,0.0001469424663003,1.4205019853587326,1.2866245982156763,0.0438314015105116,0.0,0.0,0.0,1.4556102693196622,2.0905646737700314,1.6513887286323798,0.0,0.0,0.0052670034383646,0.0,0.0,1.7770252718415025,0.0,0.0,0.0,0.0,0.0488329205086222,2.3433552791262384,1.4419290883253395,0.0,0.0,0.0,0.000669599345417,0.0,2.018399702058697,0.064285958468939,0.0,0.0,0.0,0.0,0.0,0.0,0.0,2.215574949679044,0.0,0.0265510499390133,0.0,1.8486381288493807,1.8660258331932889,0.0,0.0,0.0,0.2394113875439695,0.0882070008035957,0.0,0.0034133690875257,0.0,0.0,0.0,0.0,1.876533090272501,0.0,0.0,0.0,1.7700767159893065,0.03087447705107,0.0018708768981106,1.7675024700530444,1.9812427030234712,0.0,0.0,0.0,0.0,0.0,0.0,0.4367511190718151,2.2617395981231803,0.1253979061165408,0.1015233965582703,0.0,0.0,0.0,1.9925603077281355,0.0,1.9699180651350967,2.054451010931874,1.7547387309788771,0.0,1.4065811857325388,0.0,2.133317573271729,2.046445842907194,1.9948460691765413,1.9882261018416527,0.0,0.1380620259853751,0.1173037243789767,0.0,0.0120166253239865,0.0,0.0,0.0,1.773509559256877,2.0358551248864365,2.0114275785480062,0.0337584446472033,0.0015509784585003,0.0289132140080251,0.0,0.0,0.0,0.0,0.0,2.0925385512720047,1.5976647325681892,0.0,0.0359435181125916,0.0,0.0,0.0,1.7580340065822986,0.0,2.151958417310972,0.0,0.0,0.6863768272557457,2.228720125964877,0.0,0.0672142099699067,0.0,0.2287718053210881,0.0,0.0,2.064497356452632,2.0197283938302952,0.0,0.0,1.4386672450082567,0.0,0.0,0.0,0.0420398215565284,1.9369124631912404,1.4809823146053147,2.072791888738945,1.9602187773880613,0.0,0.0,0.0,0.0,0.2515979888562544,0.0,0.0,0.0,2.1859802832163937,0.0,2.013418491489843,0.0,0.2447911539123796,0.0,0.0,0.0183873336866489,0.0,1.6363940511758464,0.0,0.0013175724682263,0.0,2.1459724463862506,0.0,1.9420652825494027,1.6386181279458738,0.0,0.0,0.0,1.5389398768162927,0.0562681181216256,2.103693177287086,1.4921973162515343,1.5224118136963694,1.959394494138796,0.0,1.4816692184104692,0.0,0.0,2.051197703548353,0.0,2.052942947139265,0.0,1.625332395026876,2.2154941880531256,0.0,0.0,1.988565087208781,0.0,2.0627912660403505,0.0,0.0,0.1490900495129152,0.0,1.99374235227459,2.32944622545076,1.9228903158290216,1.3857828726927353,2.193274343589916,1.972195753645244,0.0,0.0,0.0,0.0,0.1538330409130831,0.08452945831286,0.0,0.0,2.1728539591532896,1.1626550663272093,0.0,2.261248837622873,0.0,0.0,0.0,0.0,0.0,1.5496197204931317,0.0,0.0872698956718486,0.0292218976549214,0.063533981296236,0.0,0.0,1.9103545227036247,2.044104803757405,0.0,1.8483838908994843,0.0,0.0,0.0,0.0043380840698551,1.925899991500163,0.1692270754998611,0.0,2.701777055314765,1.9908821577883369,0.0,0.0,0.0,1.8126931962420472,0.0,0.0,0.0,1.412889097363707,0.0399763703385455,1.985201742142065,2.387630570177051,0.0,0.0,0.0054744233156464,0.0,0.0,0.11295563370283,0.0,1.9672035671425017,0.1145156766686402,0.0,0.0,0.0,2.099512656963058,2.095667688572746,2.228011318167767,2.0468855058797484,2.067487821115193,0.0,0.0981582238935657,0.6364197716231884,0.0,1.8396317315658213,1.9709422924818585,0.4995335752248124,0.0,0.0,0.0183937222071245,0.0,0.0,0.0,0.0,2.391290478940058,0.0,0.0,0.0,0.0,2.001252230890407,0.0,0.0,0.0101874116173292,0.0,0.0,0.0,0.0,0.0,0.0,0.0
NR5A1,1.861572437441448,2.2615832592756218,0.0,0.0,2.0133333838122662,1.8193435961214408,1.9604065216730349,0.0,2.2132217871001814,0.0,0.087539660320795,1.9839598177863007,0.0,1.826867070229672,0.0,0.0,2.141099234719201,2.286950623142424,2.2809599258825948,0.0,0.0,0.0,1.673287401628364,0.0,0.0,0.0,2.1838575158396067,2.51319735689217,2.2384911516293755,2.4206371458899576,0.0,0.0,2.055191297111552,1.8817891273127567,0.339088230000106,0.0,0.0,0.0,0.0,0.0,1.71500047719378,2.375011873964924,2.0496625592572544,0.0,2.0143702147027263,0.0,2.136744494497419,1.953993610132262,1.7412204326590208,2.165097989609593,1.918139118076506,0.0,1.1222722148963191,0.0,0.0,0.0,0.0,2.1678841796753785,2.3213799106964785,0.0,2.3489071025785413,1.3290579124967132,1.8088338191232791,2.042261543137636,1.5018872545014177,1.2947451495392224,1.7279991445780023,0.0,0.0,2.273314058832007,0.0,0.0,1.436478954954807,0.0,0.0,2.0680310703811013,0.8298467237823807,2.112514495235791,1.5585527026687944,0.0,2.291141307123199,2.2577502081535243,2.2092441517917214,1.8667697501491225,2.068466070832279,1.472885247134613,0.0303879826616815,1.9550279398435533,0.0,2.0140399344008904,1.6209310037403133,1.8251285849629493,1.6544687304906311,1.8323593263543705,0.0,0.0,1.7082410194404218,0.0,0.0,2.1146810577695714,1.9371306554486083,1.6131850200329976,0.0,0.1158432330764789,0.0,0.0,0.0142732617173573,0.0,2.1059232332267106,0.0,0.7546593638916756,0.0,0.1962585923617904,2.2469127788224865,0.0,0.0322427044518935,1.8798071579764783,2.1835442981742643,1.856961624942596,0.0,1.9468062280627247,0.0,1.9736751330447209,2.08513310529822,1.439129365886768,0.0,0.0,0.0,2.1301613581549943,1.8951315072765609,2.02322839739036,1.867348419657393,1.8705710631090309,2.19820836074497,2.452698379118145,0.0,2.124346652938471,1.9994251964190115,0.0,2.375263627982869,0.0,0.0,0.0,2.2780112216921307,0.0,2.3151161805112,2.2546218319438043,0.0,0.0,2.2138071474485344,2.2866228028403106,0.0,2.047407802599976,2.2550568873866026,0.0,0.0,1.9200051451533875,0.0,2.0522220612929507,1.7030590175575298,0.0,0.0,2.0096653906770268,0.0,0.0,2.0810872922720005,0.0,2.014546324487513,0.0,1.6884820915258427,2.2352670974456545,0.0,1.4002716639136898,0.0,1.5095062218094355,0.0,1.9938856252564925,0.0,0.7674900024660134,0.0,0.0,0.0,1.6429201642064155,0.0,1.96987831589123,2.0361631875796244,0.1529896403589561,0.0,2.037863956621345,2.00438020175448,2.0059391028905185,2.3399394384354184,0.0117277460522853,2.02234125433578,0.0,1.6225840437334431,0.0,2.0543735721869827,2.0476862044923507,2.1376696595077527,2.024511160123367,0.0,0.0,2.2136345518348097,0.0,0.0068050460971641,0.9242515998615368,1.8402558158286169,0.0288687923226907,0.0,0.0,0.0,0.0,1.8123995975072664,2.3688416036224247,2.532445708447507,0.0,0.0,1.8188898832636136,1.7747917398441209,0.1816922202574754,2.776408150405318,0.0,0.0,0.0,0.0,0.1200919314723234,2.181302287790725,2.2655163473800446,0.0,0.0,1.617440101402572,0.0,0.0,0.0,0.0,1.99043162036877,1.846725887519224,1.8210760663886456,0.0,0.0,0.0,0.0,0.0,0.0,0.0,0.0,0.0,1.0146535659355955,0.0,0.0,2.0714331215254367,0.0,1.8292876633604112,0.0,0.0940332389552898,2.165560474995592,1.4309391830648173,1.9834452169149297,0.0,0.0,0.0,0.0,1.809270459951104,1.5325401247477743,2.2047403587452297,1.81677618724512,0.0,0.0,0.1850479996659576,0.9636701242219532,1.8335451921249883,1.7820446471264286,2.028449777521934,0.0,1.8133453504965664,0.0,2.6074092440078167,1.4501254906188723,0.0,2.0825987212011063,2.293316869119458,1.5567091058718705,1.89750148007636,1.495043011897867,0.0,1.857417348053933,2.3546068046687942,1.847132206765209,2.1504453067198352,1.9786613712127523,1.9759179012537087,0.0,1.5055518772042418,2.157243290516445,1.9264838086109075,0.0,2.4939330367332446,1.9289759788037648,2.7167158018624846,2.158726216736129,2.2209927542215286,2.229430739476092,2.1935838136831074,2.106653516193429,0.0,1.842354767417744,2.0440634750381848,0.0,1.54958392143363,0.0,0.0282586849771928,0.0,0.0,0.0,0.0091977791913544,1.6958034809807756,2.058789413682554,1.8943882132184424,2.172161234774697,0.0,0.2496254366590853,2.0624354659424027,0.0,0.0,2.1802556910916784,0.0,0.0,1.870212345559212,1.8573240838851663,0.0,0.0,1.9497821067214207,2.036875978266268,1.120444247277321,0.0,2.331875558411058,2.333935256240121,2.1720628182998274,0.0,0.0,2.231285328484874,2.2830552749039628,0.0,2.023635253534867,1.9981238498902127,0.1998440429288998,0.0,1.9908605376229551,2.630386521326434,2.633153263117414,2.023793777795192,0.0,2.0661855831957388,2.0659793653912657,2.03586764677044,0.0,0.0,0.0,0.0,0.0,1.7275470413255345,0.2077205653674893,1.304916493138617,2.4957765110633123,1.500480063602405,1.834164452871132,1.887824329748328,0.0,0.0,2.080230748089694,0.0,2.285868021180734,0.0,1.6740026143698894,0.0,2.0813929698124545,0.0,0.7786036484685653,0.0,1.8132371143799848,1.966934018444496,0.0,1.4740948504487927,1.9283001819336485,2.047657045959644,0.0,2.3697745043160228,0.0,2.4666338321487133,0.0,2.2276478112569342,1.8781306426232696,0.0,1.600096828104952,0.0,0.287163465427057,0.0,2.29711190887675,2.2162437176059764,2.105441444979771,2.0550326179999443,1.9412213789394228,2.382502195853379,2.0281861655504554,0.0,1.7501400922118877,2.06562077350368,0.0,1.8449597734662613,1.940132228177316,2.0839937556421977,1.7640246522262717,2.099933554459293,2.303436443190213,1.7230957196169918,0.0,1.8184836878777872,2.3243513344987203,2.063593723201619,0.0,0.0,0.0,2.1861475747331145,1.9035375020070813,1.8333805245928128,0.0,2.0404757522842307,0.0,2.184052966499917,2.283131879034584,2.202985904975049,0.0,0.0,0.0,2.612906716717527,1.6417845676617666,2.074761650121603,2.4597966845406605,0.0,0.0,1.385483110290774,0.0,1.8952569704696192,1.9534868187072232,1.4922493458739958,1.996623327559508,0.0,0.0,2.0056659145519764,0.0,0.0,1.7477032234254115,1.1015928110157849,0.0,1.0393889462996722,1.7851615209351002,1.8707586707070496,1.9982285141249208,1.7586632464606091,0.0,1.645315644653371,0.0,0.0,1.76277756929172,0.0,1.902752572094888,2.1872518872312154,1.950477000200892,2.2744887650060543,2.068071688132836,0.1148230782459336,1.6992765423799066,2.2513225516683875,0.0,0.0,0.0,2.241524297558496,0.0,0.0,1.8993598806044392,0.025933951578024,0.0,2.4365058094560914,2.058946796889636,0.0,0.0,1.7814681021505228,2.0930626409716195,0.0,1.9329205114793016,0.0,1.8915352986176688,1.922956916113708,2.2673490078834178,0.0,0.0621857528293951,0.0,1.9600956018772453,1.9805648977016763,1.9397879849136368,0.0,2.1348486954528214,2.0798867624592505,1.7907811970689482,0.0,1.5204027597172742,0.0,0.0,2.44328195882438,0.0,2.011394803277006,0.0,2.1978552055282186,1.970120028318061,0.3540939398082947,0.0,0.0,0.5525996932811412,0.0,2.512901240582696,1.9227698384818128,0.0,1.7957333482840223,1.9194032786376425,0.0,0.0,0.0,0.0,1.7506023247585256,2.524546171453369,1.9095543218595787,2.283360379408793,1.4600025911149257,1.6915625414693882,1.4245137378475947,0.0,0.0,1.9074516266790489,1.8977313038288952,2.060197096013149,0.0,1.861655599480435,1.8160935057049543,1.9098019050064268,1.9991976618788432,1.875911323111328,1.8980078929875728,1.9215283824004528,0.0,0.2535802138199289,2.0693648898083987,1.9625050222399048,0.0,2.4009137752679672,2.0061951084200484,0.0,0.0,0.0,0.0,0.0,1.1350294703176134,0.0,2.443629613196692,0.0,0.0,2.1766501497546806,2.045291282823149,0.3497314410117289,0.0,2.168941942910131,2.3099154562421487,1.8917492738559247,1.9053785466449424,1.9519863373000312,2.0318823730066167,2.0913447725235663,0.0,1.9584274399469928,0.0,0.2053480546654479,0.0,0.3305682541948542,0.0,1.811539768051832,1.7219811245143704,0.5217614602762731,0.0,0.0,0.0,1.990017184242432,0.0,0.197721500650548,2.368605181226683,2.135406404319737,1.4709339969963249,0.0,2.395751582051292,0.0,0.0,0.5756037293071465,1.943091839825864,0.0,2.20814660980496,0.0,2.1755049548906,0.0,2.28402163500628,0.0,2.011200704149625,0.0,2.076315885352838,0.0,1.9261226905491764,0.0,0.0,0.0,0.0,2.118381440266228,0.0,1.4635295786326945,0.0,1.9785429058904729,2.04595430156898,0.0,1.4040665781787898,1.8071445821485057,0.0,1.5186121841785831,2.320791564001966,0.0,2.16662324029557,1.926215869252705,2.2921417807643616,2.383841668475992,0.0,0.813754881471577,0.0,0.0,1.808296884406141,1.8184575955586464,1.7024547295914507,0.0,1.9020417982291613,0.0,2.012328491867444,1.976777605392766,0.0,2.1527441512055363,1.85990657050637,0.0,0.0,2.0909196125960583,0.0,0.0,0.0,2.114117238358648,1.920508439337239,0.2660693399442787,0.0,2.0687787015891064,0.0,1.8840817605450493,0.0,1.6016052211198382,0.0,1.2581507753017251,1.1338559987953252,2.2087259024686228,0.0,2.2651789682847228,2.024755606201392,2.3806676903175146,0.0,0.0,1.9121608135763548,2.540441754442893,1.8983424333831875,1.4356777390580455,1.4128811185023065,0.1859692053146952,1.855321125919114,0.0,2.111175620624252,1.6962374434220302,0.0,1.6005999931995605,2.030820364292011,0.0,1.8684112229347687,2.0699774216717928,2.00425862588936,0.0,0.0,2.0027271071383503,2.286564301950168,0.0,2.2268943878242298,2.005140059491406,2.416284423018474,0.0,1.7292330894535437,2.53792396286111,0.0,1.788843097000741,1.029219180364087,2.461563317241521,1.50175038164698,1.878587279181452,1.7312329450643231,0.0,0.0,0.0,2.1334289723271134,1.9184888183406967,1.965513575624912,0.0,0.0,0.0,0.0498302238594545,0.0,2.251245071260932,1.878474689106211,0.0,1.8557056970000243,0.0,2.3064544337563566,2.1254666583522908,0.0,0.0,0.0,1.5308268310675712,0.0,2.5657742660329883,0.0,1.8453028353641725,0.0,1.6137299202337767,0.7014015715883938,1.599351275775268,2.3337570229566005,2.6335398214539145,1.770468450084535,0.0,0.0,0.0,0.0,1.6801539222059851,0.1122825987633178,1.5703148315011657,1.3155327476600365,2.124509941881456,0.0,1.865117248847742,1.5333291655821877,2.1199482499276834,0.0,0.0,0.0,0.0,2.492228109251601,0.0,0.0,1.5430007495569191,2.276153088171916,0.0,2.292086595185098,0.2868985821601228,0.0,2.41759969342046,0.0,0.0,2.2996523478207127,0.0,0.0,0.0,0.0,0.0,2.0321861679160973,2.0444332073256564,1.896972913318532,0.0,0.0,0.0,2.174179847817304,1.7696911214360878,1.812858995486588,0.7013139738664055,1.9185991139873468,0.0,0.0,0.0,1.9046076047042089,1.5627267532017834,2.18071554426279,0.0,0.0,1.942507357116641,0.0,0.0,0.0,0.0,1.8729710306622285,0.0,1.6754810098183304,2.319775597584425,0.0,0.0,1.6804706284833557,2.0730391591941326,0.0,2.0450861012957,0.0,0.0,1.9665508508540075,0.0,0.0,2.050487504149277,0.0,0.0,1.8081062767376617,0.0,2.2075966287564475,1.979409867258646,0.0,0.0,1.7034845490278998,0.0,1.7837965949149073,1.6224279633941745,1.808699583903943,1.6290039113981578,2.3724103731057915,1.7332160302456938,0.0,2.0769869545236848,0.0,2.021997419358484,1.7128489808848737,1.718348827085571,0.0,1.8900871344692232,0.0,1.7784727632945598,1.9701986117575987,0.0,0.0,2.184723401604665,2.2197812319728887,0.0,0.0,0.0,0.0,0.2255903891389353,1.7077852372448767,1.3006642194830809,1.6476018481513748,1.720132314230853,1.7408632072385746,0.0,1.395775307753638,1.969806959920332,2.1460528337275155,0.0,1.236576717021685,0.0,0.0,2.0792960974203165,0.0,0.0,0.0,1.4825253848040494,0.0,2.0795658880245025,2.0746027362531585,1.9104636242535948,1.8317376525982991,0.0,1.4423805105561414,1.3986919377279037,2.1865748394091264,1.9493556485596373,1.070851468638096,1.909067119545416,1.8770159161979296,0.8346508495994497,2.1021409069112424,0.0,0.0,0.0,1.2602836172878311,1.908833386001912,2.08335958485412,0.0,0.0,0.0,1.996412201829593,0.0,1.9593301466211264,0.0,0.0,2.065439998624457,0.0,2.0052569564177407,0.0,1.9551403101500704,0.0258823198530391,0.0,0.0,2.095470562804199,0.0,0.0,1.7448581000860643,1.8086768538660536,1.8162970130647549,1.8451715145441256,0.0,1.9859499027572567,2.0741992362334662,2.1968319500897744,0.0482837401029537,0.0,1.9330941007999896,0.0,2.1493315454091286,1.6240028371771429,2.009910780960909,0.0,0.0,2.1197644636159354,0.0,0.0,1.3266176825930138,0.0,1.8522163549536368,1.3156312629614846,0.0,0.0,2.482542264649964,2.1505777323222066,1.8370784053078373,0.043699973050053,0.0,0.0,0.0,0.0,1.9984792414998125,1.1640966707297675,1.951257275933816,1.9290954700525025,1.988608902096093,0.0,0.0,2.9066407429996843,0.0,0.0,0.0,2.296878381859556,0.6981834304895134,2.085999521761917,2.087011910196257,0.0,2.0560345033941347,0.0,1.8630230722862644,0.1560777683285583,1.926069239278684,0.0,0.0,1.8932562572391305,0.0,0.1826075994547248,1.6791859013161483,0.0,0.0,1.5250091739150382,2.019400712821271,2.0328209156043746,1.837602871121988,0.0,1.3725343178858251,2.4126701695664705,2.120750760439754,0.0058435105669125,0.3086103535172643,0.0,0.0,0.0,0.0,1.7366001228521957,2.3857983004186325,0.0,0.0,0.0,0.0,1.9341406656024192,2.0793786232606903,0.0,0.0697102027015241,2.1731446057643065,0.0,1.8088435503865048,2.1786067053695524,0.0,0.0,2.1604706904049245,0.0,2.1563559249817943,0.0,2.0016916995015985,2.1109527255876035,0.0,0.0,0.0220743635857588,1.831013289600956,0.0,0.0,2.7977972001549483,0.0,0.0440874360749816,2.021542071768507,1.0702429318619813,0.0,1.8746401877579144,0.0,0.0,0.0,0.0,0.0,0.0925990189510725,0.0,2.079884962611966,0.0,2.319743583088121,0.0,0.0,0.0,1.8505069759648791,0.6298722375826357,0.0,2.287092760344508,0.0,1.6146350317964262,2.4216275654352715,0.0,0.0,2.015810926002368,1.9097937772464164,1.6549833718126867,0.0,0.4517093310172862,0.0,1.6670809389098382,2.214932511173495,2.121960418420143,1.8461693179347904,1.4469460833128305,0.0,1.738225976634718,0.0,0.0,0.0,1.9985368604808649,0.0,2.1106011972815213,2.397640460111357,0.0,0.0,1.836293844541288,0.0,2.0972009775614646,2.080432530947286,1.8732502941959708,2.167974365405429,2.49305875761052,1.9284386756359395,1.628358352781466,1.9642916876384184,0.0,0.0,2.18028567907726,0.4530748893423454,2.008076450402805,0.0,2.16636007939966,1.7145946155489142,2.1012328410297805,1.9054680021914152,2.014505485867593,1.9949562352891617,0.0,0.2539514691418254,1.5539650450519646,2.0171168403232,2.2768485748864067,1.9129953773825927,1.392169733523039,2.0427066507138845,0.0,1.9501240503159072,1.8625393828312595,2.0492656470901283,0.0,1.6845232056457744,0.0,2.093068529324749,0.3773682311711854,0.0,2.3115057488042936,1.9992417124655244,2.052577561617128,0.0,2.2311941375666584,0.0,2.236495641617159,0.0,2.4925226658265425,0.0,1.9664876669813784,2.081377676708379,0.0,0.0,0.0,0.0,0.0,1.928715917901376,2.0399032954275893,2.1961144717370686,0.0,0.0,1.8421745189204084,0.0,0.0,1.9411653780020568,0.0,1.9199104053044471,0.0,1.3250610560450728,0.0,1.4606305219463118,0.0967189715076649,0.0,0.0,0.0,1.6998506193000007,0.0,1.8212619499309743,1.8797552116486267,1.6912719171629655,0.0,0.0,2.3447989121911545,2.138407897732581,0.0,0.0,0.2201813268591584,2.0467948301019243,0.0,1.6462764779180232,0.0,1.8290927192430464,2.070098137049442,2.130507921061627,1.619835531684345,2.296773511239161,2.3897311542593123,0.0,0.0,1.8915255924346284,0.0,1.85875099380481,2.321193395803176,2.084735404596488,2.0332011931771232,1.7851731196219671,1.8925843696074665,0.0,0.0,0.0224313881664636,0.0,1.6150987500478793,1.5035069191054893,0.0,0.0,1.8490617517982657,2.229387859527768,0.0,2.425860769788478,0.0,0.0,0.0,1.271936359716253,2.1042045426286564,0.0,0.0,0.0,1.7529994206470083,2.567328362588643,0.0,0.0,0.0,0.0,0.0,0.0,0.0,1.8032423859825413,0.0,1.5223355832690697,1.8110562711277085,1.9244852944922408,2.007798790310201,0.0,0.0,2.369965446814976,0.0,1.9112763766129843,1.9657200162203283,0.0,1.894731552316801,2.108752133911652,1.4519503867714028,0.0,0.0,2.214496179067532,2.0174210563449084,2.0500100709853464,0.0,1.594270138095245,0.0,2.321163551175648,2.719972081150208,0.0,2.251516966764429,1.641608665969314,0.0,1.8083185724362387,0.0
PGD2,0.0,1.6802037598284858,0.0,0.0,0.0148461464656041,1.2766520224897584,2.2474408268468635,0.0,2.1903149956956933,0.0,0.0,1.2919178040289692,0.0,2.247402830772934,0.0,0.0,1.7956110749411869,0.0,2.481415984507471,0.0,0.0,0.0,0.0,1.6028506922615329,0.0,1.9728290920534832,0.0,0.0013127326845903,0.0,0.0118596974270359,2.1134560330884056,1.727681270224842,2.191997441823052,0.0345941837953679,0.0,1.4907675085178609,0.0,1.9341596103349992,2.1644374031794817,0.0,2.5828631847049244,1.64815684116297,0.0,1.4904473915735594,1.6338074795704447,0.1099846527260542,2.0443687428200703,0.5005697342511621,1.5920958477632456,2.3049074409855,1.8603154028325928,0.0,0.0,2.3074739834408806,1.6265901156035738,1.6963176684791286,0.7501075770316283,1.868478547145304,2.0107954151148344,0.0143512363594811,1.142336649917974,0.0,1.9765361782423951,0.0050800203490713,0.0,0.1852149318762656,0.0140262208998206,1.7553196844523813,0.0,0.0,0.0,0.0,1.665134565946991,0.0029933570917036,2.436117537972407,2.2365581289991794,0.0412766245243254,1.860536083084377,1.444214308970717,0.0,1.9621295839245847,0.0,2.204259759869565,0.0,0.0,0.9421338344361306,0.0101884980069459,0.0133631522570584,0.0,1.847331499342606,1.4378627899164278,2.728250779493316,0.0092815492091722,2.3038364171643573,0.0,0.0547474931521333,1.5735549399449895,1.8774062968065184,1.6503887446746537,2.2168450844723884,1.9614586968782204,1.6937795212671691,0.0,0.0,0.0090359161496522,0.0566582741377153,0.0,1.5626417862618782,0.0,0.0,0.0010677589615794,0.0,0.0,1.7803778351607606,1.7297709812821966,0.0,0.0010145729348128,0.0676683459466308,0.0,0.0394996539201443,1.309951724358527,0.2284006557076774,1.8556626489974253,1.8499982742171108,1.945995340236497,0.0,1.5054718622580958,0.0,0.7736927395797142,2.7160236264598896,1.7308094509274523,1.964195010847112,1.4410738198660995,1.9586936734952825,1.9811906927356884,0.0,1.9545073685784664,1.2815403775938543,0.0281313117245411,1.5633460402429522,0.0,0.0474280845222398,0.0036234755090928,1.6908287887909226,0.0,1.6986657876091908,0.0,0.0,2.269696723769874,1.7343107167576588,2.0768358297409453,1.8375747135559115,1.4434042193100505,1.9823509180453136,0.06779184247717,0.0,0.989128884049816,0.0,0.6946631983448668,1.9752682656004976,0.0,1.3607451920027012,1.9652358197628403,0.0087941141886276,0.0,0.0004122395113251,0.0,2.517829052951463,0.0,0.0,1.0929400347641107,2.0537774771879014,0.0,0.0382473701342371,0.0,0.0,2.642983010333106,2.451152955188855,0.0,0.0,0.0,2.306056950512154,1.7336863877967106,1.8263000134881364,1.5333722110011856,0.0,0.0,0.0,1.9586702591571927,1.6746497277958852,0.0,0.0078041972239687,0.0,2.6961816808389605,0.0,2.210792911877262,0.0,1.849077837884422,1.6870725430452358,0.0125763815499191,0.0,1.8910389627146416,1.923966793955745,1.6408481473139682,0.0,0.0,0.0663139753843938,2.0725631533414144,0.0,1.9062757841094624,0.0030642167564454,0.0,0.0,1.7728430964877353,0.0,0.0,1.6798959062926573,0.0,0.0,1.6366550995985127,0.0041436681474142,2.2187027384997617,1.8205637571001363,0.0117671762398176,2.3908485208424795,0.0,0.0,2.286814544910741,0.0,0.1133890060946943,0.0,1.9177180994463432,0.0,0.055395400510865,0.0,1.2892322501489557,1.7078200077693506,1.6791544947452537,2.0370876387330417,0.0,0.0,0.0,0.0,0.0,0.0399306347448474,0.0,0.027675049209917,0.0099206493060762,0.0146134254673531,0.0098872301801972,0.0,0.0,0.0095376878990606,1.1565053790040494,0.0196655502173915,0.0,1.8419391917246144,1.818357098595821,1.1319975964292643,0.0,0.0,1.7159583187088183,0.2566176298693054,0.0,0.0,1.6544360681328991,1.2367824861615564,0.0,0.0152830636100734,0.0,0.1160940064971227,2.1926623547498134,2.123616649172544,1.742062172073464,1.4732185756338485,0.0308784149862294,0.0108749220725432,1.7273605744891047,1.916513654771408,0.0020048922778875,1.3748903224715907,0.0,1.4868935051656813,1.8740785223392296,0.0,1.5727142485592884,1.2615619189042402,0.0,0.0,0.0194301601238117,2.0350457126029142,1.9288102375270149,0.0098940488920461,0.0,1.9384778463155536,2.3946625879780967,0.0,1.894199515499977,0.0035398862081537,0.0,2.1290421736366065,1.7268104310807302,2.0799649466833654,1.7249756419489568,2.347828333904489,2.170666565444477,0.0102341105675276,1.8772855757353728,1.9247687245281853,1.5122943929500312,1.795943539422973,0.0063902855611536,1.62158135225126,0.0036989460006968,1.9122969244054584,0.0,1.5221355461575612,1.9523203230044093,1.5975139519184958,0.0,0.0,0.0082197532082148,1.5946099376863994,0.0,0.0,1.7585824078611298,0.0,0.0,0.0,0.0,0.0,0.0,1.7523436040320028,2.0033205714178965,0.0,2.11180955218639,1.814668131340892,1.9248342458550964,0.0,0.0,0.0055085996240186,2.158398826195134,1.6936043214922205,0.8959879356222024,1.725752232002738,2.079028591005186,0.0,1.3479313739487988,0.0,0.0,1.705989137360076,1.8267995238045125,0.0,2.3842382186024693,0.6039225401275155,0.0014828947536783,0.0,0.008349037185378,0.021603672319595,2.562490042608839,0.0,2.1399739721817665,0.015325965972126,1.3911541856856204,1.313643282489245,1.5049693039913734,1.572636276075878,1.7255789142910398,0.1315462757554587,0.0162536972996887,2.3826812465985765,0.0,2.3303683904757704,0.0,0.0,0.6345297093437495,2.1251835517198785,0.1551864639549139,0.0,1.7070540225752522,0.0,2.256971603453005,0.0038365961947507,0.0,1.5358360301407843,0.1517489999257231,0.0403281700657688,1.866356310401745,0.0,0.0137128040995559,0.0,1.4609013000948383,1.3355638587890286,0.0004549242933802,0.3247645124837438,0.0020354198688401,0.0,0.0004594297252948,1.5882462943423712,1.5004412356738637,1.0455160292813477,1.566870258910469,1.6027212250289509,2.145424465798484,1.8447617687509,1.3210479665044863,1.7232053676586268,1.9975549105866963,0.0121718653529437,1.7437242547019989,1.3230322131425434,0.0,0.0,1.9886758665117048,0.0325035142524169,1.8483865815599767,0.0,1.4674788754918118,1.5793769166865292,1.5056228386661017,0.0291332180515835,0.0476522736696239,1.4491916812413708,1.4713967254102611,2.198622114837083,1.3932804545586983,1.5983900015908588,1.9287915945589569,1.9298883808161096,0.0,0.0921761328793868,1.4276718063226308,0.0058563454884765,0.0293668393234078,0.0,0.7218777705826496,2.3062895024876138,0.0184199918434098,1.7926148822089905,0.0,1.1386213823780955,0.0,1.9230924706218169,1.336057897880406,1.7960911104001058,0.3480233596314636,1.7479746915896135,0.0,0.0,0.0162283286945969,1.70090558321439,0.0,0.0,1.6182012169775457,0.0,0.0011789475604353,0.0,2.0275767552627704,1.5789469388789994,1.5455253482767315,2.271477192081208,0.0,2.4162429094380182,2.0261324853274174,0.0,0.023265219339453,1.588562700282539,2.3881843150872366,2.0537909335010744,2.3909153903320464,0.0,0.0,1.3256209667568233,2.021719538921138,0.0,0.0,2.1094858556212683,0.1906078792271756,0.0465466916086312,1.5072143432765783,1.9137819428758391,0.0098413469741078,0.0,1.6039020826471777,2.19831070044409,1.7082242359328257,1.441190848939693,1.3211996991259345,2.177235244918008,0.0,1.7862450501213842,0.0,0.0130662239756179,0.0215778370345029,0.0,0.0,0.0179441287997567,2.0268455220316515,0.0049948878732204,0.8235023149969322,2.068015648284756,2.0119919205493155,1.8878825473353564,0.0006402145639505,0.0090372726259256,1.8422508711093588,1.502486032994896,0.0420083241111819,0.0249370619469635,1.7759637620907351,1.3218297147160982,0.0141621351668891,1.5299154739463665,1.0300894342280371,0.0,0.0,0.0,0.0,0.1437092501768869,0.0,2.101055260785744,1.9907581284022933,0.0,1.8159266466667,0.0,0.0,0.0,1.3624257484472426,1.6308319343334712,0.0,0.0,1.9975023226963515,0.0,0.0015719190296716,0.1878160298597191,1.3299223036419394,0.0,0.0710348630573342,1.7429417616157703,1.7969798230488123,1.7069248497251397,0.0770878082830495,1.759279421875549,0.0157069396947897,0.0,0.0,2.443353782820476,0.0,1.3968015361367652,1.825839955402441,0.0,2.5768951426631554,0.0052386596602733,1.6517611156182326,2.2316366368882896,0.7422118469657809,0.0296817332323648,0.0,0.0016541111717752,0.0,2.250216600570852,0.0,1.9022561515142364,1.5836220584063692,0.0,2.27713491000635,1.7134306642474084,1.3043395692655697,0.0,0.0,1.9069724562679773,0.0,0.0,2.0820181005467613,0.0,0.0,2.164970963356009,0.0,1.5949539865771911,0.0,0.0,0.1049394033628078,0.0320343383718775,0.0,1.4643334508443329,0.0764969827027816,0.0183914985522061,0.0,0.0,0.0037496130813567,0.0,1.6254990913895175,0.0,1.4831386978485737,1.7208429925157536,0.0,1.1739805826292498,0.3300210111041673,0.0,0.0,0.0299207975858189,0.5152635350110635,0.0,0.0596426119109422,0.6222156433637741,0.0,0.0097380157282045,1.9551639285974909,0.0,0.0046339357766291,0.0778424668100281,1.9068476187137533,1.9239474394081368,1.8708880307324665,1.8102760734229344,1.913140123821819,0.0,0.0,0.0,0.0,1.9040070273369625,0.0002535282371268,1.0796372404524706,1.2078756597208502,1.4200273987374024,0.0,1.910121070762804,0.0146854079362703,0.0,1.6724675963434563,0.0,0.0168785462730134,0.0175202143798216,1.565112984283672,1.1264753329214126,0.0,0.0,0.0,1.8764579678168376,1.69687662546952,1.4835645309346217,2.007726055712064,0.0,2.0098823190025032,0.0066890503253811,1.6782316784871945,1.7258030098991144,0.0,1.8839401300967025,0.0,1.88939763243654,1.729952776853925,1.8010352363783946,0.0,1.3267304547493792,2.713112064682156,1.901298321557061,1.98771174919986,0.0081292332014809,0.0512560852886208,1.5430367491234338,0.0142541099984828,1.5932139048684562,0.0,1.5346687520913165,0.0183116244750706,0.0,0.0,0.0,0.0,1.6303785747967745,0.0,0.5008059880011212,0.0,1.9263698124284856,1.8024033566539424,0.0313125786069138,2.219814933353457,0.0,2.0040816488118938,0.0,1.7986669695799231,1.6612369206527169,2.2147006996177816,0.0322695921908327,0.0,1.8269797944946689,1.936234274756212,0.082743767807403,0.9191265463278184,1.803219413265327,1.8084394736720928,1.507981034556347,1.874948742241545,1.4036697422714617,0.0,0.0,0.0052866802699932,1.1538616813806164,2.001606452569757,0.0,0.0,0.0163314092674135,0.0,0.018920833278361,0.0,1.204733661379303,0.0,0.0011882964126311,0.0,0.0,0.0,0.0,1.8115403712623133,0.0004494912081427,1.6746193041201236,0.0007799592161491,0.0,0.0,0.0688388095304571,1.8038739049910912,2.5832171302752407,0.0,1.5426243726503792,2.178916212962464,0.0,1.4495101322971098,2.169696331566549,1.1580073007549672,1.7546176766851496,0.0,2.282415758186191,0.016132381564747,1.702968199693588,2.07141191318524,2.1132327036031984,0.0093585396564498,0.0299645663956994,0.0007731000183887,0.0,0.0,1.9885106172275984,0.0,1.5040233759768056,0.0,0.0,0.0026607407397765,1.6243859504968576,0.0,0.0,1.92099323834832,1.0651690291954077,0.0,0.0044828572219797,0.007260561621665,2.0362879885093528,2.1708309310105047,0.0070784200036376,2.9641023482135784,0.0291521747551492,0.0,1.7978526561751584,1.338374622790973,1.34465561539902,1.2443469739801334,2.079764856246709,1.6225890368712783,0.0,0.0,0.0053600006974274,0.0,2.106165320096009,0.618138210366074,0.0,0.0,0.5728532731912508,0.0,0.0,1.6377384859355613,0.3059833726804113,2.2942784298287635,1.7733689173425422,0.0,0.0063623441640955,0.0,2.907560957874128,0.0,0.0712391554280977,0.0,0.0015281216198861,0.0,0.0,1.9426801257465525,0.0,2.201577256140872,1.976042041533922,0.0092642473940704,0.0,0.0383912485368021,0.0,1.7044690972363072,0.0087229080365805,0.9106132040387936,0.0342827799869888,1.2233486608581414,2.5597771221771484,0.0,0.0,0.0045903513027299,0.0,0.0084404354376425,1.105925305741365,1.98582482942238,0.0,0.2568496260801624,0.0,0.0,1.9643373093106915,0.0230803052958318,0.0020420853243825,0.0,0.0,0.0,0.0,0.0,0.1175310126577507,1.4496692614705848,0.0,2.1530285467789314,2.22072123038746,0.0622928361623142,1.8856612240610469,0.0060309074762555,2.0579799197305007,0.0014600207254231,0.0,0.0,0.0,2.0776600835357093,0.0,0.0,1.4222303939314105,0.0,1.1268040735788083,1.8391522927806336,0.0,0.0,0.0046247833704213,2.1435411952624275,1.9313764595963,1.6731477401857258,0.0,1.8117462732214336,0.0,1.8453750421908504,0.0,2.5985914817304887,0.040591299005192,2.249495343297576,0.0,0.0,0.0103657325365384,0.7594391009899397,0.0,0.0,1.0350644089238128,0.0112500349436493,0.0,0.007566785640089,0.0,0.0,1.5733454457635412,0.0,2.435207253335742,1.7235473074357208,1.553004608099951,1.887463113050848e-05,0.3449170935680846,1.6361947303352962,2.159274998366027,0.0,1.5897589052589458,0.0062326787100125,0.1327372350674466,0.5865593906548237,0.0,0.0007543731386961,0.0,0.0,0.0,0.0017377219517337,1.613200538712924,1.8409553896466533,0.0,0.0,0.0,0.0,0.0,1.093267154608657,2.186749128431979,0.0757142469649661,0.0,1.8463005037465303,0.0191509348883696,0.0,0.0,0.1284505433674094,0.0,2.089646935233852,2.0976898905749666,0.0096636893520151,2.218177688311432,0.0,1.87689063898828,1.56971406008283,0.0,0.0037185164510013,1.7552370957940384,1.5244233061576282,1.341116737860618,0.0,1.9805291593298733,2.117137809275781,0.0,0.0,0.0,1.8161658806029053,2.0287663890800367,0.0,0.0,0.0221144391273764,0.0138836324738595,0.001773836177924,0.0,0.0,0.0046088288711288,0.0,1.5921758381479094,2.1551373730689485,0.0,1.3963301586111323,0.0,0.0,0.0,0.0403219072315063,0.5921381379248873,2.044968392327032,2.2983299603090828,1.8913738732058103,1.4497354940962952,0.0189882946207502,0.0209841884089704,0.0,2.0818899165873344,0.0,0.0,0.0,1.4679453338405248,0.0,0.759471808688338,0.1558720008524058,0.0,1.2315067399878357,1.7728173469515942,0.0,0.0,0.630395277447343,0.0,0.0136488554180608,2.4035224963982493,0.0,0.0,1.4216418200053051,1.7232977230966977,0.0,0.9397594125361496,1.6854334504295738,0.0,1.585922651258704,0.0365397629316649,0.0,0.0,2.0263645764820346,0.0,0.0,0.061211762966295,1.4027287002293976,0.0,1.3978187551009758,1.9506796371768689,1.8578356807398368,0.0,0.0,0.0,0.0,0.0,0.0,0.0,0.0,1.9953431840481968,0.0005036924072748,0.0,1.4289481704184297,0.0007790806350237,0.0096454852624036,0.0034203328231798,0.0,2.309459204815324,0.0783103919284589,2.5999298597506058,2.5339121401982068,0.0,2.0476132741562925,0.0016017658695902,1.7241832911335966,1.7025312806164212,0.0,2.465783206052533,0.0004367469217327,0.0,0.0,0.0,0.0,0.0146442467907919,0.0,0.0,0.0,0.0,0.0,0.0,0.0,1.84462730142016,1.4791609581102858,1.3120964424632606,2.0454222372855098,1.3823133895951072,1.5031061954784408,2.5485686054252503,0.0,0.002152682661315,0.0,0.0,1.5926229488619497,1.5319715589510243,1.5357248469802949,0.0,0.0059032272384813,0.6824897632605778,0.0,0.0,0.0,0.004592865397271,1.8844900643525049,1.5523860243843053,1.6029131706070523,2.416819146093941,0.0,0.0,1.9159795909560788,0.0,1.590116627529952,1.4555185751711102,0.0,0.0,2.0247958103581327,1.6128537873732816,2.850936264280464,2.0948431672085768,1.9813509376805107,1.440184682700246,0.0568468746210693,0.0,0.0,2.343710913792152,0.0026426066653822,1.7342884715106175,1.942810720523456,0.0214253087807944,1.5454177181917936,0.0,0.4737746817333955,0.1323891148865948,0.2012333225157841,0.0,2.4075021453643752,8.843696048819681e-05,1.5756645997953749,1.9809049744413192,0.0,1.4078441581768115,0.0,0.0,1.651692713565556,0.0,1.6748647576873528,1.968988659897491,1.4906468777234456,1.6179647168315774,2.5697653767192388,2.4511161036641966,0.0,1.2852336809476184,1.6958380661370185,0.0010208789964789,0.0,0.0,0.0,0.0,2.083761434394096,1.4102395958827714,1.9951034069245803,0.0845113032567431,2.0306521013894208,0.0,0.0103463577696308,0.0,0.3882129692358498,0.0,0.0,2.773682404540604,1.6120045279215849,0.0,1.5481457846838782,0.0,0.0,1.0625989832040583,0.0,1.5176390207705992,1.5117102315979891,0.0091145730036557,1.932168714419148,0.0168418064222435,0.0,0.0,2.2653340883014,0.0,0.0,0.0205416092738372,0.0,0.0,0.0,0.016403234843376,0.0,1.7762644333356827,0.0,0.0054233239703529,1.5116292801397828,0.0,1.5669632995480358,2.0059573584779296,0.0,0.0,2.188978200727765,0.0002151094383804,0.0,0.0,1.8124240776986744,0.0,0.0,0.0,2.1853492136715285,2.123910303200061,1.7466771838703212,2.0383857381538464,2.088228807820065,1.5699075596358882,0.0,0.0333434276950666,0.6468693590016978,0.0,2.014858930173544,2.0143733714771592,1.6840761812453693,0.0,0.5387371144779577,0.0,0.5276255213652944,0.000488540926874,0.0137267922889654,0.0049548924272341,0.0,0.0,0.0182841507858514,0.0,0.0,2.726545242422775,0.0,1.823381273919048,0.0,0.0,0.0,1.865603797313788,2.0668138943801897,1.6095639306568672,0.0,1.6650497416037764,0.0,0.0,1.9030850466933549,2.3521660395738206,0.0,0.0,0.0,0.0,0.0093375407138484,0.0,0.0,1.7191890570884698,0.0,0.8915359470064925,1.780469350114685,0.016707885226843,0.0,1.5885287253701608,0.0,0.0,1.2164567870025904,1.9408973489440209,0.0,1.3231133923255138,0.0,0.0,1.922864230433717,1.3925776488228194,1.5102054136122858,0.0,0.0,1.4501844198311304,2.1526583146603504,1.855988991019935,1.7595945453700668,0.0502563716688974,1.9626780165851183,1.7911092332783234,0.0,0.0,0.0069183534305159
RSPO1,0.0599895877117266,0.039177646817891,0.3055698723575808,0.4312954998897502,0.0,0.0,0.0004137078567139,0.0,0.0,0.0,0.0,0.0,1.3938102635539298,0.0261320690242513,0.0038631067653409,0.0,0.0,0.016119920509737,0.0016059484386919,0.0,0.0,0.2611554932271721,0.0,0.0014847627170611,0.0,0.0486669070215087,0.0,0.00190101782128,0.0504709046281673,0.0,0.0,0.0046467505366296,0.0,0.0,1.2885384761117706,0.0,0.1995679217531244,0.014338978866047,0.0,2.230393856427853,0.0,0.0281312674370173,0.0127888749801731,0.0011424334838811,0.0,0.0,0.0037746328897122,0.017913918093746,0.0,0.0,0.0484220808555208,0.0,0.7025257276751093,0.0,0.0,0.007847624200582,0.0062048253637754,0.0,0.0,1.4244376639052023,0.0,0.0016989679791758,0.0,0.0,0.0253909586641241,0.0008945052917322,0.0,0.0353466442876297,0.1817319412451547,0.0161525787419211,0.0044048943560639,0.0,0.0,0.0187160782222667,0.105798216391697,0.0,1.0849469168012411,0.0268116598607911,0.0103503588932933,0.0,0.0,0.0,0.0,0.0,0.0,0.0,1.5977634063722554,0.0,0.0,0.0005904811003415,0.0338989492394481,0.0003022938965423,0.0,0.0,0.0,1.6918368157607426,0.0,0.0,4.901505279528906e-05,0.0,0.0,0.0,0.0,1.0392379894929948,0.0,0.0,1.8848957978346008,0.0,0.0,0.0297668326810223,0.0,2.209089842947497,2.8755218128052715,0.0,0.0,0.0,0.0019445581502147,0.0500579773560342,0.0,0.0,0.0,0.0117231514662262,0.0055125522956211,0.0,0.0609899397752608,0.0,0.0046539179305918,1.8625239903450013,0.0,0.0,0.0,0.0,0.0,0.0,0.0004087056402837,0.0,0.0099208030776442,0.0,1.0985049010777113,0.0,0.9386384037844504,0.0,0.0,0.0,0.4329040806458552,0.0,0.0200621710497593,0.0,0.043883399627889,0.0,0.0,0.0,0.0,0.0350083907760463,0.0,0.0,0.0,1.344279234805534,0.0112095001930717,0.0009739862835994,0.9769614894685568,0.1662558024842292,0.0,0.0115926825011045,0.0081447017313008,0.0201188095720462,0.0,0.0,0.0053003819807233,0.0,0.0,0.0,0.0,0.3708189419132673,0.0,1.6745728410741043,0.0,0.0,0.0,0.0,0.0377706919248322,0.0,0.0,0.0,0.0,0.0,0.0,0.0,0.0,0.0,0.0047144786167431,0.0,1.4761596362620442,0.0,0.0,0.0,0.0941091741507062,0.0,0.0655268322047638,0.0021742618414253,0.0,0.0,0.0054200261294807,0.0,0.0,0.0,1.5847360170810778,0.0,1.700813510615516,0.0,0.0,1.9642213212857544,0.0,0.0062923816960598,1.7606357101658905,0.0,0.0,0.0,0.0,0.0,0.0,0.0,0.0131474978652163,0.0127519031960924,0.0,0.0907025688054528,1.5457363057611393,0.0,0.0,0.992498145164019,2.1133264851884674,0.0,0.0,1.4918232170759644,1.6464482590450722,0.0,0.0,0.0237417052678907,0.0,2.4759052066939318,1.8142171194146457,0.0,0.0,2.2434478844592345,0.0,0.0,0.0,0.0,0.0,1.6322632546661742,1.7751811186857314,0.0,0.0,0.0016256926206028,1.7956718694476104,1.9318076686797463,0.0,0.0,0.0181599989300034,0.0,1.8622027360977265,0.0,0.0,0.0,0.2059293437823729,0.0,0.0358977734920158,0.0,0.0,0.0,0.0,0.0228731708170702,0.0,0.0,0.0675221436747682,0.0,0.0,0.0,0.0,0.0,0.0110135998559199,0.0,0.0,0.0019406097030326,0.0,0.0,0.0,0.002981912162957,0.0,0.0,0.0,0.0,0.2543105239996649,1.9495876953043525,0.0,0.0204124448214168,0.0,0.0,0.0,0.0,0.0,0.0,0.0,0.0066959488231821,0.0,0.0,1.931573358027181,0.0,0.0,0.010676719168018,0.0,2.3770894338563284,0.0101833254528835,0.0027707050147792,0.0,1.4187476631045832,0.0,0.0,0.0,0.0372994571994719,0.7728140889219366,2.1707373289095884,0.0,0.0,2.0038704554072715,0.0,0.0,0.0,0.0,0.0,1.473098615819979,1.469778622849388,0.0,0.0,0.0015883731333987,0.0,0.0,0.0,0.0,1.6313923340556975,0.1554056898084707,0.0,0.0025705391962302,0.0599709201677811,0.0,0.0,0.7841640722047992,0.0004624657414972,0.0,0.0,0.0,0.0,1.480312054362868,0.0496448551350837,0.0,0.0416868340174339,0.0,1.6923018680039332,1.15689001931906,0.0128174314346526,0.0153932513656367,0.0,1.7119933960777831,0.0,0.0,0.0294616517735178,0.0133595137873725,0.0087628324040605,0.0,0.0,0.0090807508919091,0.0,0.0098533430070242,1.6826299687430744,0.0,0.0154179268836234,0.0,0.0,0.0,0.0,0.0,0.0,0.0,0.0,0.0,0.0,1.788943513125316,0.006235105225901,0.0,0.0,0.0744420409580947,0.0,0.0004407595270566,0.0,0.0008206815086825,2.256188810795194,0.0,0.0,0.0133136336023691,0.0,0.0,0.0,0.0,0.0217015809728749,0.0,0.0,0.0,0.0,0.0,0.0210050014248123,0.0,0.0,0.0267615428577541,0.0,0.0183261860941271,0.0,0.0,0.0523874420553505,0.0,0.0070265257825514,0.0,0.0,0.0,0.0,0.0,0.0224212930534134,0.0,0.0,0.0,0.0113033704033775,0.0,0.0,0.0,0.1665768266527756,0.0,0.0092292937439685,0.0,0.0,0.005320668443587,1.4611715255661148,0.0,0.0,0.0083190980018902,0.0276890548644438,0.0,0.0,0.0,0.0,0.0,0.0,0.0,0.0,0.0,0.0,0.0,1.8206792793468267,0.00370713803099,0.0,0.0029796495000163,0.0,0.0,0.0,0.0,0.1546253030017894,0.0,0.0,0.0539599495742514,0.0,0.0026903524901446,0.0,0.0,0.249528258722169,0.0,0.0440371024964874,0.0143394175166737,0.0,0.0,0.0049135984550157,0.0025686597000941,0.0,0.0,0.0,0.0,0.0104714430627398,0.001268670028314,0.0,0.0839029121249843,0.0,0.0224702665095335,0.5655466859851643,0.0,0.0,1.6399420349652374,0.0844898252336737,0.0105800186308868,0.0,0.0244410606904619,0.0,0.0047796444612616,0.0009824154744491,0.0,0.0251690408736614,0.0,0.0059823632677491,0.0061899104263039,0.0001141339682702,0.1060773973449349,0.0,0.0965441480773458,0.0,0.0,0.0,0.0,0.0,0.0,0.2248271087759878,2.4396202517162435,0.2789166069067997,0.0,1.4972777041663776,0.0203280416834721,0.0,0.0,0.0,0.0,1.7951613188884432,0.0,0.0277339002891585,0.0,0.0156367332583993,0.0,0.0,0.0,0.0084752771694722,0.0,0.0,1.4276381836795138,0.0,0.0,0.0093595507309338,0.0,0.0,0.0,0.0,0.0,0.0037290240671829,0.0,0.0,0.0,0.0,1.5388341047031355,0.0,0.0,0.0008479476638794,0.0065492384398013,0.0,0.0,0.0,0.0040171176898321,0.0093314563542916,0.0,0.0,0.0,0.0,0.0,0.0,0.0,0.0225924203180513,0.001271004230192,0.0,0.0,0.0,0.0048722398911587,0.0075240181406649,0.0,0.0,0.0,0.0,0.0,0.0,1.3304018219755511,0.0,1.619365507504935,0.0,0.00033711625633,0.0056408035966519,1.2172248899697016,1.8182335495174664,0.0,0.0,0.0419431004723476,0.0,1.639738149689956,0.0,0.0728089581745468,0.0,0.0047134124243672,0.0224446986765132,0.0,0.0,0.7483854974846521,0.0,0.0,1.2340947084994005,0.0,0.1574987576165242,0.0894437931747078,0.0,1.0178198316580611,0.003325827158438,0.0,0.0,0.0,0.0,0.0,0.0,1.180746727096366,0.0,0.0644560030706607,0.0,0.0,0.0,0.0,0.0,0.0120879355505121,0.0,0.0070674107297069,1.2498572926334142,0.0,0.0,1.778539387045093,1.9585515488609824,0.0,0.0,0.0,0.0,1.7270948297708713,0.0,0.009107544596258,0.0,0.0,0.0,1.8644315237087488,0.0,0.0003348087330342,0.0,0.0172113997395356,1.9232263318302,0.0,0.0,0.0,0.0,0.0,0.0,0.0,0.0078278418501751,0.0,0.0,1.9813707106243983,0.0,0.0202729557376105,0.0,0.0,1.6063662774907883,0.0,0.9867501168164866,0.0,0.0021886601822182,0.0,0.0,0.0808137998535955,0.0039037065080997,0.0,0.0,0.0060522286333133,0.0124515783564237,0.0,0.0,0.0,0.0666246669152346,1.563450582253591,0.0096085533133886,0.0186408135257029,0.0,0.0128179203887986,1.3662420464951042,0.0,0.0,0.0239007114048366,0.0,0.0,0.0,0.0,0.0,0.0,0.0,2.071040008288821,0.0,0.0,0.0,0.922688660569928,0.0,0.005184213989206,0.0,0.0244074105946307,0.0,0.0,0.0,0.0,0.00502767204501,0.3423031776052731,2.1035019506083192,1.676907418062416,0.0059961188638479,0.0061877557644276,0.0,0.0,0.0,0.0,1.6399437427356762,0.0335025315902762,0.0507024425236525,0.0072268065475709,0.0,0.001234197843512,0.0,0.0,0.0,0.0137068859385142,0.0108977487875546,0.0,0.0,0.02416625344168,0.0,0.0,0.0,1.8158488745482448,0.0,0.0,0.0974285646821655,0.0,0.0,0.0015106649392694,0.010507539939505,0.0,1.3827085425128636,0.0103480268170701,0.0,1.566292571652378,0.0,0.0,0.0,0.0078977013768561,0.0,0.0,0.0,0.0,0.0,0.0,0.0,0.0,0.0131777472399456,0.0,0.0009989695600233,0.0,0.0,0.0,0.0,0.0,0.0,0.0,0.0124873879044764,0.0,1.5394949046341937,2.1393104333412643,0.026258702748363,2.3536032600951424,0.0303904847672158,0.0120110033458716,0.0,0.0,0.0218374297584756,0.0,1.5912487656731795,0.0,0.0062145249311654,0.009342651079328,1.7963972192805602,0.0,1.9395685220769767,0.0,1.6846982386580662,0.0,0.0,0.0116877322908501,0.0,0.013440597589046,0.0,0.0,1.9082433504110643,0.0,0.0,0.0,0.0,0.0029607451976794,0.0,1.2860632824841622,0.0,0.2337079176049581,0.0822628331007543,2.504680193447232,0.0074160519715402,0.0,0.0025682991899158,0.0,1.8256660740278248,0.4463013284999376,0.0,1.6037285271714767,0.0143169519892017,0.0,0.0,0.0,0.0115930989889157,1.5476131536292763,0.0,0.0010378587643678,0.0,0.0,0.0,0.0,0.0,0.0,0.00411406544477,0.0,0.0328275735889715,0.0,0.0,0.0,0.0,0.0,0.0,0.0,0.0003442492849387,0.0088303255336824,0.0,0.0038487380838361,0.0,0.0006559513945456,0.0560883685203016,0.018224480380839,0.8057220105139283,0.0,0.0,0.0,0.0,0.007362423462564,0.0,0.001769732648916,1.723212676202707,0.0089780395213834,0.0,0.0,0.5700157916532852,0.0,0.0150736699305384,1.4587250791413695,0.0,1.8845305223680808,0.0111905900061171,0.0,0.0059854182598335,0.0,0.0,0.0004836719605895,0.0,0.0,0.0,0.0,0.0,0.0253932559973772,0.0260870216630258,0.0,0.0,0.0,0.0,0.0,1.7582275693908953,2.2272499491188493,0.0,0.0,0.0106311021980191,0.0,0.4551449405413388,0.7073190789272575,1.592550874557612,0.0,0.0173317253133313,0.0124157495183726,0.020756987737876,0.0,0.0,0.0107808985509761,0.037583705726137,1.5661144376643803,0.0234555740452621,0.0,0.0013462869671226,0.0,0.0,0.0,0.0,0.0,0.0111634289835899,0.0,0.0,0.3880318893962914,0.0,0.0,0.0,0.0,0.0,0.0,1.5554191748168145,0.0,0.0,0.0,0.0,0.8202118602865107,0.005184661241016,0.0,0.0,0.0001475027864027,0.0,0.0,1.7497731920641275,0.0,0.0,0.0182507967342414,0.0,0.0,0.1399755286322909,1.6084773762292568,0.0,0.0,0.0,0.0,0.0026151794068709,0.0,0.0,0.0,0.0,0.0008411066616455,0.0,1.875396836093176,0.0,1.5074719053432066,0.0,0.2231130005961043,0.0,0.0513223978858725,0.0,0.0,0.0,0.0,0.0060163811423386,0.0,0.0,0.0,0.0,0.09566393773171,0.9176397519224302,0.0,0.0,0.0151480556239431,0.0,0.0181207128228411,0.0155030016848807,0.0,0.0,0.1934762968521986,0.0136394068774529,0.0,0.0,1.5306693315920872,0.0,0.0,0.077862432294894,0.0,0.0,0.0,0.0,0.0,1.7167990906893862,1.3250429099733314,0.0346486705004426,0.0,0.0,0.0,0.002264912703238,0.0,0.0,0.0085816061150442,0.0,1.5268144916017306,0.0,0.0,0.0110587577949825,1.86451015344675,0.0100869184370134,0.0,0.0,0.0,1.9394357495770933,0.0,0.0,0.8338622608442849,0.0,0.8893125750003932,1.8351270141193288,0.0,0.0,0.0,0.0,0.0,0.0,0.0,0.0,1.6435310549429956,0.0,0.0,0.0229642569134123,0.0,0.0,0.0,0.0083768469678396,0.0,0.0209253748891923,1.6707925784172488,0.0,0.0,0.0,0.0426689285760128,0.0,0.0,0.0,0.0,0.0,0.0,0.0,0.12094402220951,0.0,0.0,0.0635154465562723,0.0,0.0,0.0,2.0008808007608416,0.0,0.0,0.0,0.0226256117937325,0.0,2.5381348296528308,0.0,0.0,0.0009772657101832,0.0,0.0482645784776523,0.0061114096655362,0.0,0.0,0.0359459532888403,0.0,0.0,0.0,0.0,0.0,0.0,0.0,0.0007596292040488,0.0,0.0254495592753761,0.0081694817957651,0.0484890314650008,0.0002632897545514,0.0,0.003805107371395,0.0676144574129092,0.0,0.0,1.6062836642998124,0.0,0.0,0.0,0.0,1.8181706959331632e-05,0.0,0.0,0.0,0.0013404545015653,0.0,0.0251821839676142,0.0,0.0,0.0035417148093964,0.0087124774974517,0.0,0.0,0.0079040662116739,0.0078781208544977,0.0,0.0,0.0,0.0,0.0,0.0,0.0473196643602929,0.0,0.0,0.0,1.0167373670378133,0.0,1.6915520360959615,0.0,0.0,0.0,0.0,0.0,0.0,0.0,0.0,0.1356665194194175,0.0002338040270675,0.0,0.0,1.892068113481305,0.5932668956383529,0.2533749157615274,0.0,0.0,0.0727682520721173,1.56441112952547,0.0,0.0,0.0,0.0,0.0,0.0,0.0,0.0,0.0,0.0,2.02779280865602,0.0149893404983571,1.720107963083542,0.0,0.9243032827075248,0.0,0.0,0.0,0.0,0.0,0.0,0.0,0.0,0.0,0.3964967496105937,0.0,0.2973762952788329,0.0,0.0,0.0,0.0,0.0,0.0,0.0026623376424329,0.0,1.2245074899762318,0.0,0.0,0.0,0.0142411787826212,0.0,0.0,0.0,0.0,0.0,0.0143324555263023,0.0,0.8604910518755583,0.0675193587975871,0.0,0.0,0.0880517263818815,0.0006497950251228,0.0,0.0,0.0,0.0,0.1113206125424077,0.0,0.0,0.0,2.182098640379861,0.0,1.6436995628269568,0.0137282734155107,0.0,0.0013999212435773,0.0061099330569946,0.0,0.0,0.0,0.0,1.0127225541395068,0.0,0.0,0.1027582705714535,0.0,0.0,0.0,0.0,0.0,0.0,0.006478206159303,0.0,0.0,0.0080290492667935,0.0,0.008543257222867,2.141841515560764,0.0013082716944756,0.0064902439572455,0.0305820734238771,0.0010297001517319,0.1469554658159815
SOX9,1.92273008677318,1.6958174315557968,0.0,0.0,0.0,0.0,2.0791637256367284,1.5698100758902436,1.911712775221612,0.0,0.0444966546813435,2.0115109905770967,0.0308708655416427,1.821219773011724,0.0,0.9362549275827516,1.9096844796736825,0.0,2.065792692635862,1.8491756265806905,0.0,0.0,0.0135276094797949,1.9866007319049843,0.0335498323391263,2.031455374562593,0.0530090763696914,0.0092740954402562,0.0,0.0,1.7072486886379334,2.058992669631673,2.1069664804501453,0.0,0.0,1.617138134572922,0.0,1.8432587658769768,1.9621169979477733,0.0,1.5654002692392492,1.9753896436543068,0.0005538668805769,1.8948277039151384,1.7257273726173212,2.023152888525377,1.9676572329315525,1.8801421042935893,2.684795100694826,1.5437019663123053,2.3689597909984483,0.0,0.0,2.88154080852974,2.2538923980894148,1.781222917403025,2.081332340883243,2.1959144337105707,1.704553537005962,0.0659697901161025,1.3409073325004834,1.6748905456257468,1.8255788672746045,0.0072849607291162,1.5903969800722604,1.460214146096455,0.0,2.39009231864369,0.0,0.0114490970306524,0.0,0.0,2.126631322646347,0.0,1.5001113126714731,1.9614137423616047,0.0,1.9797097605554943,0.0,1.6039706751730278,1.6634300273765623,0.0,1.959285632574863,0.0,0.0,2.033081263465329,0.0,0.0198613698909707,0.5821395768707458,1.8957514719894413,1.7568861478914537,1.7040107094813728,0.0309065136974391,2.1307656952951404,0.347853751148838,0.0887737275233216,2.182038995316423,1.988582819432376,1.7041931911604462,1.851300723954104,2.3437127008363787,0.0,0.0,0.0,0.0,0.0036069999446528,0.0,1.7680126406850505,0.1023679128161661,0.0243854501400344,0.001945210261561,0.049674326137981,0.017198740914902,1.543204975956195,1.8645410940895657,0.1013076232261963,0.0,0.0,0.0152370413503871,0.0133902765341961,2.3573158701867207,1.7943181439094618,1.9892990743540924,1.934210115285137,1.551781510189555,0.0,2.0028823242993097,0.0144816287918413,1.85242831222326,1.6224015665780371,1.5716775573233337,1.95981253357502,1.6768047202230518,0.0,1.5511866223032584,0.0,1.8853598035054515,2.0657275464179894,0.0,1.4694725258136505,0.4256307361082898,0.0180738642958609,0.0322103606539381,2.6925685552150243,0.0,1.953276929245156,0.0,0.0182039554287467,2.3001857475813936,2.2109085134511384,2.4019297811093177,2.0310301310954166,2.624589248743004,1.840541139568432,0.0,0.0,2.0665779541067466,0.0,1.957828163349652,1.831693904250756,0.0,2.338917199978923,1.726408556595488,0.0,0.0,2.194230655586667,0.0,1.9209272782141469,1.9606361667151355,0.0,1.7325791299612254,1.7650505929566482,0.1308507172935739,0.0,0.0,0.0,1.787562966668992,2.316102905086681,0.0,0.6740715222282541,1.7218553155434049,1.3635625366421136,1.4930119257952217,2.1084640827504524,2.003932800621597,0.0,0.1302182655856638,0.0,1.7653553325319935,1.5176771117138446,0.0,0.0,0.0,1.483058469535632,0.0,1.973606028751464,0.0362239735694544,2.6238232495106333,1.956000362658452,0.0113500759127868,0.0,1.5528828148094194,2.0341993606340645,2.2195857473535137,0.0,0.0,0.035187840891314,1.8857118263212,0.0,1.6759989216670368,0.0,0.0,0.0,2.494996571732629,0.0,1.5580924269128205,2.090574279864228,2.0821741732141783,0.0,2.2956419824462206,0.0974959473603456,2.534014266530576,1.7547676557552327,0.5371199616543282,1.8332335541233429,0.0,0.0,1.626272684509086,0.0,0.0,0.0,1.8110129129062844,0.8674625328390452,0.0,0.0,2.066223048739444,1.9230303211721416,1.9197092651202423,1.9383121279148663,0.0238548596231383,0.0,0.0,0.0,0.0,1.6879859957696306,0.0,0.0,0.0,0.0,0.0,0.0745083742637636,0.0,0.0,1.5805603128377517,0.0,0.0,1.4476141376140332,2.250346840535782,0.0,0.0,0.0,1.6597983508343932,2.432622364230376,0.0312510883258078,0.0,1.649134552142664,1.7975734788076023,0.0,0.0,0.0,1.444531065996069,0.0,1.9658821920926084,1.831456566317449,1.8911100467508049,0.0,0.818104081035856,1.8433946030389632,2.0210429601480326,0.6955340363255771,1.6936196298273771,0.0,1.85625594307902,2.4346128187380547,0.0,1.945465408167813,1.509955855879831,0.0,0.0,1.6070098629213485,2.2222223694248378,1.4556770284073917,0.0,0.0,1.8170106756131088,1.6871322813783418,0.0264394522809776,1.6386658122859106,0.0,0.0,2.010764980182502,1.4721373052511266,1.9469901427067748,1.9626877757467869,1.5161088827036249,1.9907328088061187,0.097580620441988,1.7102318629178062,1.54870834507475,1.4985534816721466,1.5467591391311295,0.0,1.7110215198978391,1.6603657883490917,1.750044042917161,0.0,2.0932811187321736,2.641679096730304,1.6704764139216397,0.0,0.0805920371966632,0.0026380517462415,2.55820159160665,0.0557498214823612,0.0,1.8602121379416945,0.0,0.0,1.7716480027863002,0.0,0.0,0.0,1.9388246928724464,1.8439170451996871,0.0076133773117263,0.0,2.0541084836377435,1.609863132649891,0.0,0.0,0.0,2.070555387905513,1.6510854451158872,1.741387978298772,1.2225181654194517,1.5964565512079736,0.0463447931489253,2.027620802124156,0.0,0.0108481313136585,1.8417742016935688,2.152119736280849,0.0,1.8641360598353072,1.477449956636681,0.0004238136647228,1.3158474620611418,0.0,0.0,1.4799431728841332,0.0018682532035055,1.6467817735876775,0.0257668277142169,1.6564685067075249,2.112303282833336,1.9221668592673808,1.860169252609593,1.89073592017704,2.173301032408937,0.0,2.0312597358736024,1.5717486148107982,1.950688444974804,0.3101374484109426,0.8632518243499772,1.88091729153072,2.2787565305902824,2.0901579021025483,0.0,0.0,1.5032068570089567,0.0,1.0860941232975203,0.077834436817339,2.3427421428406525,1.707739357779792,0.0,2.0112457456231283,0.0026601045453081,0.0,0.0,1.761143708288357,2.2295705736624667,0.0,1.5213930345122042,0.0,0.0,1.4848659080742457,1.5105614448163658,2.123478025619432,1.6600142840412582,0.0,1.974384313071244,1.810863678327827,2.10114602311773,1.547077950263546,2.1109888188772006,0.0,0.0,1.5195759597865346,2.004645878777331,0.0532070746926879,1.198546822762349,2.5289685846884704,0.0110437706384686,1.963446439344924,0.5100146664554339,1.6721195211386584,1.3860411182576329,2.181713730216849,0.0,0.0,2.043024634827334,1.9714874714768027,0.0,1.8550863721358848,2.213408756206573,0.0,2.071397249883588,0.021150099785644,0.0078664183591936,2.1745744313005844,0.0,0.0,1.2421277200558665,2.4595450003180623,2.1974745502556505,0.0,1.9861474029796224,0.0,1.7106090829856426,0.0,1.9062524581230005,1.896281341051668,2.123642647289393,2.1712039060830466,2.189094173044094,0.0271771080387409,0.0240210653334534,0.0,1.8779536794377032,0.0078439526866117,2.127948421927192,1.642865671640163,0.0829073339774882,0.0,0.0,2.5310085634627013,2.01029813307915,2.2632134424886856,1.817486392459415,0.0,2.6639165801933222,1.8013179234784544,0.0083713701073132,0.0,1.851116040910224,2.6903570677596496,2.047593213527952,1.7787279860743996,0.0,0.0,2.142179857317648,1.6194751238056655,0.0,0.0,2.467993160557599,1.802929167262002,1.669435184084554,1.660135086439556,1.8851630687677072,0.0,0.0,1.4182394571929475,1.7836264818907914,2.085474494868868,2.421927013303934,1.7817449791516222,1.4216475081903126,0.0,1.6262274393165848,0.0,0.006055610168536,0.0,2.4076961472142187,0.0295712694142143,0.0,1.957600111922948,0.011644000416608,2.122021178375912,1.6671512637036368,1.7038062388938755,0.0,0.0281268245294512,0.0007436839553935,2.1872692590724623,1.5379682729073525,0.0,0.0,2.0056089905712646,2.105912447132652,0.0,1.5838444711777278,1.686102900283351,0.0,0.0,0.0,0.0429146092425682,0.0,0.1789043347960825,1.55559110065996,1.9408889420344944,2.1751630047801496,2.32593040064391,0.0073730018139264,0.0,0.0175947368061389,2.066688306772379,2.445924781060432,0.0,0.0,1.4208145787700217,0.0,0.0,1.681414853978476,2.044130767871036,0.0,0.1076093602077596,1.5806559286231132,1.964750482557452,1.9682093210499167,0.6772145719263489,1.7569934085756729,0.0,0.0010269212927145,0.0,1.8821782945281629,1.9168882188555296,1.5151777013573802,2.5017878840937127,0.0014148179771809,1.7134299221646696,0.0096572660447538,2.575655714680269,1.7642819908663618,1.920614955757295,0.0,0.029879564359306,0.0,2.2126644357169702,1.8024792184661045,0.0,1.8621592782196248,2.004369328597281,1.1777030430499165,1.7013194846689517,2.205967007759388,0.0,0.0,0.0425008976102671,2.083832103858516,0.2696780619925057,0.0553849123379326,1.94889760706794,0.0,0.0,1.7352858807698033,1.845279335725441,1.8682297659742109,0.8265250024901144,0.0,1.042027481089488,0.0,0.0,1.6806087351230934,2.4578020637705094,0.0,0.0339812773612896,1.7979401975953604,0.0,0.0,1.918551261071648,0.0,2.445716672568452,1.8460057268866032,0.0221719717419483,1.817454272783103,2.040977764044408,0.0,1.6391294218630994,0.0,1.8170046812268248,0.0,0.0516575793950736,1.5762772790282022,0.0,0.0,1.5957708020057226,0.0,0.0079513711382879,0.0,2.059490359989032,1.7493530115288218,2.1778771937794925,1.7037549790056894,1.755664277954417,0.0,0.0,0.0069216108626747,0.0,0.0,0.0,1.9434832270618847,1.6377050221201268,1.5393054726953304,0.0,1.7242851085697088,0.0,1.4233609310940871,2.3703852683673827,0.0325531337735851,0.0,0.0210415566264652,1.8784971494539384,1.943040099055677,0.0,0.0,0.0,1.9251891413382207,1.7398534635951948,1.5355818148847975,2.301262775740008,0.0,1.7078009982104867,0.0035869315535365,1.9587818167385296,1.7229312680780435,0.0485428350754887,1.5424020480820784,0.0157960487701607,1.6959562020039205,2.513209456863972,1.5500411559214415,0.0,1.7810619842607518,1.4090321691318208,1.710019231309011,1.919650726809808,0.1175498626728671,0.8735192303207333,2.228107291478972,0.0,1.731671955012314,0.0424339259941242,1.84193523313157,0.0107919275089193,0.0,1.1522158966714449,0.0025446770430704,0.0,1.9708104854919195,0.0,1.5773277171757172,0.0,2.222345626617646,1.4397123346101826,0.0335925781669462,1.6781264018443318,0.0187623742374419,2.136594038668528,0.0,1.6804151331157942,1.4577216024817354,2.0204423664847635,0.0,0.0,2.4257000789246685,2.1525302895489533,1.632197353798723,1.6206875517788506,1.8870342553528632,1.6502839425372569,2.4641135315667,1.793330742530907,2.737765270007245,0.0134132452612719,0.0,0.0,1.8517842686434087,2.320598912815271,0.0,1.918615037937208,0.010590754976076,0.6398982739082744,0.0,0.0,1.7198593396517072,0.0163596786110153,0.0,0.0,0.0,0.0948238173123768,0.0394705343720306,1.5944709954607048,0.0174608591063826,2.024149711567392,0.0,0.0,0.0,0.0,1.5164555579169576,2.1075188912021483,0.0251377241671623,2.3169990463214667,1.8553490213237256,0.0,2.0035861471169354,1.6600515770633304,1.9504542527398263,1.5388809046135792,0.0085536694366765,2.0616335255509712,0.0,1.633290885078528,2.28287080006781,2.5688795939257267,0.0,0.2020100901959569,0.0,0.0020022194212633,0.0,2.7161667407087275,1.9863112397987583,1.764353105352379,0.0,0.0,0.0,1.9251208205221613,0.0,1.7715625165338076,2.111349871439648,1.7377142189239485,2.11954618606684,0.0,0.0,2.6787575415496447,1.9473469725524928,0.0,1.9636009967584267,2.1373016855018445,0.0098868557523467,2.1286893154120983,1.8936651754841032,2.2562366387610706,1.9667504476402369,2.2170845956539,1.6388682706259994,0.0,1.6425210282507057,0.0,0.0,1.8510070953709497,1.952747158650704,0.0307817613974141,0.0,2.0229726304755045,0.0,0.0,0.0,1.7783113794517342,1.9935395879403888,1.7314169213123836,0.0,0.0,0.0,1.763928971552377,0.0035914282070859,0.0,0.0,0.0,0.0,0.0,1.6517709064414774,0.0008388882761685,0.0,2.3793397554547058,0.0128819267319962,0.0,0.4355806614368231,0.0,2.4741920951071057,0.0,2.015914235408788,0.4181533383621522,0.0,1.9171313692053904,0.3634285674582506,0.2474986945366636,0.0,0.0,0.0,0.0,0.0,0.0,1.7883086616324992,0.0,0.0,1.6464549588343311,0.0,0.0,0.0,0.0,1.8593389615543288,0.0,0.0,1.8340997199168176,2.145153132084952,0.0,1.4331557311697187,1.9457753045907569,2.199054649667153,2.132982200730882,0.0613496860170084,2.400689790254751,0.2670636683949198,0.0,0.0,0.0047520415337963,2.008677889266289,0.0036567694057776,1.4165449570323112,2.1823649173653896,2.514001597645353,2.034144654395321,1.8863563507444143,1.8554558541985533,1.5939795368040983,0.0,1.737656971890522,2.31453845295826,1.672671989663544,0.0159990941747122,1.4745762025767308,0.2662867545464831,2.1024387065659345,0.0,2.058130346711024,1.0034081060428277,1.8846868966301435,0.4459279027707242,0.0,0.0178588731598667,1.2387560833083129,0.0,0.0,2.0642539503694977,0.0,0.037321674293282,0.0630699568011779,0.0,0.0,1.6609309768791012,0.0,1.921762647882158,1.7414173820163557,1.7794452098985918,0.0,1.783733333609949,1.4992108602507812,1.6168032155506749,0.0,1.818593188742324,0.0,0.0451826310694482,1.4614330273139955,0.0,0.0,0.0,0.0178910628510212,0.127069900107211,0.0,1.97620503728804,2.2552747285319272,0.0,0.0,0.0,0.0,1.570757188737892,1.7857320102850267,1.7480997770499094,0.0,0.0,1.6761100431658575,0.005170605068877,0.0,1.4242514353444906,0.0,0.0,1.9650194824885383,2.135622093176221,0.0935733752434724,2.087804737569832,0.5656269811215744,1.702154734245972,1.7026203234792745,1.6100655564834137,0.0,1.942630278028868,2.0599684237548983,2.125963410307155,0.0,1.6680531865663055,1.4443063063094466,0.0,0.0,0.0682326653711923,1.4570440282429291,0.0,0.0,0.0045444094671852,0.0,0.0064993369736184,0.0,0.0,0.0,0.0,0.0,1.9531766984240169,1.839058550854384,0.0,1.5015978347302197,0.0,0.0,0.0023476516839328,1.1137212155807796,1.8032526029001,1.6903875023562018,1.7023719064309764,2.2601258175818666,2.4529082252714502,1.8984896717714064,1.2062144701078548,1.673380401799803,2.207430476426678,0.0727370756632782,0.0,0.0,1.7526750515675924,0.0,1.7923974714758857,1.8681530676317213,0.0,2.1031361479822466,1.5713566167034592,0.0,0.0,2.5254688709476683,0.0003051746821341,0.0,1.8443146287633256,0.0,0.0,2.1850235989079763,0.0,0.0031839066037952,1.8269138130008105,1.9058896340387528,0.0282969008264024,1.866068757398444,2.0793273288759115,0.0,0.0,1.8333578701529656,0.0,0.0338415274221519,0.0,1.910972828194776,0.0,2.367110951184068,2.0124551502919177,1.8728805088968472,0.0022616306374656,0.0,0.0,0.0028521633931141,0.0,0.0162373258137889,0.0,0.0,1.9190571893382955,0.0,2.072881690519745,1.7831725893941786,0.0,0.0566413231909173,0.034482204715339,0.0,1.8698170732403137,0.0,1.9749668817089872,1.75260879545526,0.0,1.7596555364228874,0.0025758638378192,0.0,2.3364505813619343,0.0,0.0,0.0079738509437351,0.0,0.0,0.0,0.0,0.0,0.0,0.0,0.0,0.0,0.0,0.0,0.0,1.5465065687340904,1.8070593229650525,1.8084471314574355,1.7417913848376292,2.0030848933553607,1.5203196285490974,2.255330179687156,0.0,0.0,0.0,1.4521828458177288,1.610522207653029,1.7818019205134363,2.2350750400707864,0.0,0.0588085004192129,2.071337968465832,0.0399620560155302,0.0,0.0,0.0141775949803285,1.5419595584315615,1.909915189312832,1.4421596870843454,1.984643305988226,0.0,0.0,2.605624458095753,0.0,1.76262929062991,1.884214943687495,0.0,0.0,2.0971557159126526,1.8917748955874616,1.9859641032765272,2.04433481212787,1.667259706915473,1.8693533461190868,0.0,2.5816864939482675,0.0,1.9931311883667195,0.0,1.59213712261523,2.299535961900484,0.0025713777625832,1.6439528575242908,0.0,2.0149364134240977,0.326152648008419,2.2533882236713274,0.0384483512266615,1.8767490552385653,0.0,1.9547055065084809,1.9167331291873924,0.0,2.011767721552464,0.0,0.0,1.6724549845779524,0.0,1.933135112959049,1.8386288454410065,2.8143343245358947,2.1170649067523364,2.1541217775229367,1.4852999823708706,0.0,1.3031596802745022,1.7353545280271754,2.1963231377517127,0.0,0.0,0.3182283678669954,1.3291513706255689,1.689468632741997,1.862018249213216,1.9956671088648503,0.0,0.0,0.0,0.0076205277593804,0.0,0.0,0.8231728742834288,0.0,0.0,0.0,0.0,2.62991377868569,0.0,0.0,1.6151281311517132,0.0,2.049038965001329,2.122097923717913,0.0,2.6766452371454346,1.4533503163795198,0.0,0.0,2.59639810136126,0.0,0.0,0.8233627326486825,0.0,0.0,0.1385139343157125,0.0,0.0,2.2830003800148804,0.0,0.0184641536223954,1.9521518571723413,0.0272641928431667,1.5273774762392764,1.6050184312909972,1.6430275324634442,0.0,1.9969344837660432,0.0026806053554841,1.7408379962863505,0.0,1.9142854562214624,0.0,0.018076866355771,1.435081045285962,2.106592962628617,2.47294965458837,1.5790467730175517,2.356576965488596,2.050312534487144,1.8006072185713595,0.0,0.0,1.6691183122772395,0.0,1.1910172188646964,2.1507092305810285,1.6666939866979626,0.0,2.179894183995203,0.0007642005013144,2.12974884642658,0.0167998561532805,0.0609969913278127,0.321047925515906,1.0359682145926083,0.0,2.137374451193624,2.046545377532232,8.089355185333675e-05,1.274860773926922,0.0,2.6903158718873064,0.0,0.0,0.0,2.078951098565064,1.6775455715992167,1.930723862398685,0.1098888901139501,1.9959199420699991,0.0,0.0,2.2850292540648702,1.7798352247205025,0.0,0.0,0.0,0.0,0.0,2.0775233796383663,0.0,2.031448901149611,0.00621484168644,1.5613965919824286,1.6841292327369806,1.1038206618387931,1.9761160200180432,1.7519024690817335,0.0065095819366596,0.0,1.369168406243246,1.9876537680178248,0.0,1.3047154192225028,0.0,0.0,1.7153608976654589,1.8175251797790548,1.61110925387478,0.0,0.0010009582236015,2.263462728787879,2.1606526646062663,2.1275051438299672,1.8132744452350449,0.0,1.7926351044497153,2.500145335580075,0.0,0.0,0.0
SRY,1.508233959807164,2.036868883643417,2.4714517780093184,2.011069496941399,0.0,1.9796653535676976,2.8835157438469103,0.0,2.2406243933957346,1.950376378992548,1.365667833351026,0.0,1.943953656969475,1.1110280481573975,0.0,2.1664751932418964,0.0,0.0051431666931266,2.2784464606206187,2.3284688358559857,0.0,1.4249999566724965,0.0,1.8269709154198888,0.0,1.6351801799308558,0.0,0.0,0.0,0.0533448369471559,0.0,0.0,1.8561169566338296,0.0,1.9601858498395872,1.7047487510826622,2.4605514386418554,2.6404739891046414,1.7707834237943116,0.0,1.779790937790564,0.0,0.1647308193929854,1.8248223693207315,1.4267835472580987,1.6788308191537809,2.0220423019032903,2.0766657293473627,2.2969040345028926,2.03956685436654,2.252021604829708,2.122618580323885,1.8485688529079425,2.1765815337618326,0.0,2.611361765824705,1.8436241775554407,2.078394174520372,2.0950849357218115,0.0,2.109786839373411,0.0,2.272403798721272,0.0,1.5549523575295718,1.833451428457616,0.002878680230682,2.163997974762787,0.0,0.0,0.0,1.9664519023868603,1.863627013952564,0.0,2.0190226865800733,2.4113941357890973,0.0,0.0,2.056340424364966,1.7850891833912883,2.248472214653915,1.3470198325903069,2.0586564597061674,0.2840794829598451,0.0192802316384516,2.349107009719108,2.1678965953675453,2.030257903064982,0.0,0.0,0.0,1.8320116837617209,1.8979356621390049,2.1955854030574486,2.4298991800372183,1.6430331891076515,0.0,1.9554672015741483,1.417954150307104,1.7179541726506662,1.9081913680436209,2.1190352210915813,0.0,2.01849394994546,0.0314560182961576,0.0,0.0,2.260577398873272,1.361994471122593,0.0,0.0,0.0,0.0,2.612540461887864,0.0,2.528691621126499,0.0559708542961397,0.0,0.0002564168631927,0.0,0.0,0.0,1.8265473796555625,1.958411330753825,2.2170084615061105,0.0680713757921772,1.8460718632314568,0.0,0.0,2.1844547939751444,1.7070941326879376,0.0,2.2558641102818253,0.0,2.252010309967913,0.0,0.0,0.0,2.0344911414950446,1.9146807827508736,1.8222705490386588,2.240260348365326,0.0,1.6171836481130346,1.9325893766618891,2.03477569950076,0.0,0.0,1.696623569706856,1.9134283378223145,0.0,0.0,0.0,0.0,0.0001613421982366,2.0978256179984327,2.0919691430744223,1.867311012561945,1.4025960300431664,1.0852948042035844,0.0,2.3982101790660475,1.8745352016832089,0.0,0.0,2.26480929055584,0.0,2.161824423490898,2.235746737451916,1.81684455113262,0.0,0.0,0.0,0.0,0.0087400686770822,1.9801237509821648,2.182346899516593,1.8029726924221503,1.8850607791808,1.7016491757917105,1.3415865208849806,0.0,1.928171596576988,0.0,1.7181864634903603,0.0,2.203922836555436,2.128959212832989,2.1672685381218795,1.6406018509573614,0.0,0.0,1.8956956054586247,1.462192165798805,0.0,0.0,1.8031277488156816,1.590646227309961,2.4382814673975624,1.8270993710778287,0.0,1.916640607818609,2.151179284295937,0.0,0.0,1.9770896323896456,0.0,1.869499853888347,0.0,2.033040718340949,2.2020200015760065,0.0,0.0040530886929874,2.2310443380709266,0.0,1.7598993952656297,1.883014805904756,1.8905272736565035,0.0122998645140137,0.0,2.0535982880137533,0.0,1.9019224445761536,2.040553586018357,1.6112349726089572,0.0,0.0,2.207061229075908,0.0,1.9711105091756784,1.6314393949960349,0.0,1.8564213230939928,1.9810646525932167,2.1513804621481407,0.0,1.4670157753355098,1.791618093244395,0.0,1.754491763347441,1.8725904525435304,0.0,0.0,0.0,1.6113556712974642,0.0205758050005819,1.8518815674472533,0.0,1.1687644484422604,0.989994463856664,1.871046393172712,0.0720771967308375,2.2348863254493234,0.0,0.0,2.170565956262956,0.0,1.5803776228041764,1.887140252446484,2.249946564689337,1.9833093287555663,2.0454558325574466,2.391559649884961,0.0,2.567227833455646,0.0,2.081802005178476,0.0,2.2198764215878977,1.9529855589426348,0.0,1.847760004191136,2.847863401157264,2.552109850568602,0.0,1.485869604681404,2.2103843718960112,2.163276923022525,1.7868243532758668,0.0,2.3482841148326163,0.9053302401703328,1.831767384388054,1.975168707662048,0.0339745513224997,1.453766704783735,1.8376000945399755,0.0,0.4025588395237114,1.8909220630424148,1.915000565960673,0.0,2.263883327573345,1.6143820482920053,1.8813105374129897,1.835406371161778,0.0,1.7971374411587515,0.0052956828932644,0.0157572992555641,2.047395182320797,2.257735594315855,0.0,1.7595208281104906,0.0,0.0,0.0,1.3235412837783924,0.0,1.7238544085536478,1.9950401194259857,0.0,1.7972185902846216,1.6346524181669322,1.555123433475513,1.856902014698252,0.0,0.0,0.0,0.0,1.8798530861907148,0.0,1.2765019976030174,0.0,1.9992939361457045,2.1034120443193016,0.0,2.1776279420564832,1.9461480527682784,0.0,0.0,1.8592133396055333,2.1205758584375247,2.2577210098831326,0.0,1.866342000058451,1.8531988430175208,1.967799742101104,0.0,0.0,0.0,1.717240823163113,1.8097477248824188,2.0630266507868096,2.3573517156991675,0.0,1.8317256550143528,1.8405788229723763,0.0,0.0,0.0,0.0,0.0,0.0,0.0,0.0072982630758622,1.7937899899669585,2.1670226342080685,0.0,1.7987998956922178,0.0,2.1126209763325137,1.674416440261405,1.5892075238528176,0.0,1.5869369398579507,0.0,0.0,2.0181546061065267,0.0,2.062792182848532,0.0,2.0099139173603784,0.0,2.4220572408377268,0.0,1.7613870839798609,0.0,0.0,1.851570400502312,2.199806951623187,1.8814948360746664,2.3328937181789327,0.0,1.8159125052864884,1.990664937492296,0.0,1.9245515187003503,0.0,0.0,1.6654788756002017,2.033526844631736,0.0,2.245385648870396,0.0,1.86394926626229,0.0,0.0,1.7978651738422076,1.7563424900399736,2.2097185737823253,2.136842603265204,1.3543366333666815,1.8078108609824068,1.998573528674551,1.886743621833476,1.886980250843853,1.644057514826886,0.0,1.6430411003581862,2.090429376743439,0.0032208460283895,1.7678321648696806,2.010785796566992,0.0,2.195755770129129,1.6199410728246568,0.0,1.9491756476332085,2.084663375814656,2.1151266951598524,0.0,0.0,0.0,1.845221635192498,0.0,2.1660700786647293,1.942734679702788,1.8065164663100224,1.0141250701867757,0.9788978243657438,1.8498246224971784,0.0,0.0,1.826762682463246,2.1056612078464183,0.0,0.0,2.3293646163484047,1.9862913922421293,1.7339802618374276,0.0,2.1147465169834923,1.9632140455665363,2.6953246862298883,0.0,0.0,0.0,0.0,0.0,0.0,0.0,2.328420323495215,1.949543891274848,0.0,2.0947852768754283,0.0,2.299101023415953,0.0,1.8603102730299657,0.0,0.0,2.1916109512688333,1.960147972388,0.0,0.0,0.0,0.0,2.022878669967062,1.9768452107992096,2.140700303028476,1.602252058760291,0.0,2.1130105906233747,0.0,2.391029001220069,2.253374744635899,0.0,1.8368310525507232,1.9144173957514936,0.0,2.3285618442810683,0.0,1.8530163751384163,1.36592990584666,1.8458830941255635,2.6676233126109232,0.0,2.2845832707963947,2.21141239419606,0.0,0.0334115529460828,1.948330398526887,1.7839644045355991,2.169028883902107,0.0180385002716939,2.1917695067973613,0.0,0.0,0.0,1.5676241236466495,2.038433441935384,1.896130468284188,0.0,0.0,0.0,0.0,0.0027978444172407,2.49151398734344,2.19056124967035,2.1857464946277863,0.0,2.0000322873898626,0.0,2.141317591055788,1.5461878233781234,1.9042418818014013,0.0,1.775890082936537,1.8069491976343968,2.029339271071278,2.3483276743354646,1.96541196930408,2.525830221373338,0.0,0.0,0.0,2.0789561833477133,2.5660767375806155,0.0070053204341844,0.4149969518213621,0.0,0.0,0.0,1.7854086916761511,1.7970316645334152,1.6461423342409292,1.9917037457243607,0.0,2.4014479566526816,0.0,2.2006885944628456,0.0,0.0,0.0,0.084220070572827,0.0,2.2096063937018737,2.1131492786043595,1.939473558287856,2.0141964903421488,1.888303427990417,0.05835819296108,2.6437485896455417,2.1324192477888326,1.4169519389461869,1.864635038201968,0.0,1.776828994551184,2.0650465692678983,0.0,0.0,0.0,1.6230111423716531,1.7962067287915755,2.152862966050164,0.0,1.4949908415298985,2.0542695267881155,2.578120871554737,0.0,0.0,0.0,1.742374868474588,0.0,0.0,0.0,0.0,1.908444718262516,1.9440890425998807,1.922007858842992,2.2365432861754884,0.0,2.5034163124040503,2.041713767618405,0.0,0.0,1.594489662072978,1.8397485737376829,2.1472879233445044,0.0,0.0,0.0,0.0,1.9372268256681773,0.0,2.2055313980498257,2.1756102239488984,0.0015597294721595,0.0,2.1744974613999064,1.9199310243901329,1.6271930434969817,1.8154975764311616,1.7900795388353,0.0,1.5193284956565525,1.9620443363467468,2.5953972455687606,0.0,0.0,0.0,1.4010970918901464,0.0,0.0,2.037595048698725,1.1299325127840265,0.0,0.0,0.0,0.0,0.9651173167161216,2.3053705616443514,2.0921957514398484,0.0,1.963217130083584,1.8780081317311432,0.0,1.8727287582779857,1.8693672037361384,1.7513808571982712,1.3382422691817155,0.0,1.841590304115748,0.0,0.0,2.0440250608343407,2.505891765440202,2.0718376482963694,2.2634871955910696,0.0,2.2160802815346616,1.8437069312301777,0.0,0.0,0.0,0.0,1.754858779680052,1.7742539320281732,1.7152506204777822,2.075982302038402,0.0,2.0494871664891727,1.884489402329524,1.9724254097974896,0.0,2.1071812716564167,1.6621590558725807,0.8057752025257288,2.024670622386251,0.0,0.0,1.618735258364991,1.859620417960596,1.5079248113023154,1.778711986925196,0.0,1.5985151592324782,0.0,1.6555687125762069,1.7976805056892542,0.0,0.0,0.0045516214533889,0.0,1.6846654320193883,0.0,2.029812427738436,0.0,1.989533291137924,0.0,0.0,0.0,0.0,0.0,0.0,2.193563190036501,0.0,2.0383328564665595,0.0,2.8239371715168167,0.0,2.2387901325086084,2.340757227143192,1.8198978152917324,0.0,1.9691810528350164,1.911268966977692,1.7455866887692235,0.0,0.0,2.2824111004923098,0.0,1.6477499663375834,0.0,2.0601198293205565,2.0771795160028,0.0,0.0,0.0,1.815918398530848,1.842352432631934,1.8528480368559648,2.188768735417414,0.0,2.2590096928490806,2.034742902522665,0.0,0.0,0.0,2.025049383459229,1.4846838600745489,0.0,1.7819818047436944,0.0,0.0,2.414715523032674,2.1859656083291625,2.337563371342368,1.7781362904544775,0.0,2.1432808997807795,0.1088565724420458,2.159387366416055,1.916731946145668,0.0,0.0,1.6662967909011643,0.0,0.0,0.0,0.0,2.745791540702076,0.0,0.0,1.983875758807356,1.841903973012532,1.8881062983615429,1.6054096677048462,2.253237306196388,1.9926137732039,2.495125634555593,0.0,0.8517657763695522,0.0,1.9704569355494128,0.0,2.3128433635462216,1.7159452429043245,1.8821709716705728,0.0,0.0,2.310902268346372,2.1060400599877003,2.395708810027992,1.818333801789736,1.8699551783362969,2.4613646626245047,2.2096036328347224,0.0,2.180484407712663,2.026379614638153,2.057386318233011,0.0,1.6232870697337454,1.807209696074444,0.0,2.0234770280204457,1.3799980290345106,1.8454313800735047,1.965083616627307,2.037778131279632,0.0158354742318124,1.9295823043333955,0.0,0.0,0.0,2.146394634617142,0.1163334566247898,1.958588212585032,0.0,1.849428103676376,1.8156826229338543,0.0024935298815664,1.779241276470848,1.8081680385702616,0.0,0.0,0.0,0.0,0.0,0.0002862786759754,2.023913497686992,1.8951410734288527,0.0,2.0747062081757908,1.998802051807446,1.938702134505196,2.0740451432594003,2.3986103558430365,0.0,1.9363893180571696,1.8586549394502287,0.0,2.178276076609638,0.0,1.7931692061173763,0.0,1.189293793804812,0.0358843437267796,2.2450489977888752,1.5177319093518085,1.956186935818708,0.0,2.0562757343590703,1.9186220132028928,2.223711060921078,0.0,2.1331244019821414,1.9245966170240352,1.4754518540052135,0.0,1.828197098240636,0.0,1.9618872753125087,0.0,2.1392540360656,0.0,2.107706009571146,0.0394789280125856,0.0,0.0,2.430087220256316,2.1341533839257454,2.20614477027469,1.8401448116626888,1.9242373438047804,0.0,1.6466388080928438,2.007925720795883,2.136285323229009,1.4964348702625343,1.9256387524097005,0.0,2.160354763125308,2.5733380329360847,1.953640103570504,1.772846489956828,1.7474166774354365,0.0,0.0,0.0314065648428678,1.870875237305179,0.0,1.906180133481944,2.330638427000632,0.0,0.0,0.0,0.0,1.465731313646496,1.5819932936534653,0.0,2.1181022791559103,0.0,1.874615018408934,0.0,0.0,1.671495078575314,2.480797575934396,1.5407170981246645,0.0,2.2474498711919755,0.0,2.4071052834708784,0.0,1.243402150509742,1.7797006044735402,0.0,1.2536599294191546,1.868393006061772,0.0,1.8315356051896343,2.654902327149044,1.9995884227762384,0.0,0.2861661240448602,2.0536049161194416,0.0,0.0,0.0278120537369149,0.0027226815017284,0.0,0.0050961522124471,1.8307231869611764,2.032821981533891,1.554894461848369,0.0,0.0,1.5889176666262563,1.7092728811510554,0.0,1.8221714870759644,1.7800937319195185,2.039079993154904,1.90682192140879,2.046430523304735,2.080244399012793,1.809491894833154,1.6665417069323534,0.0,2.6203256387640352,1.9943584452590013,1.4798330400041495,1.8928122116749675,0.0,2.172495302079866,1.7732281880388427,2.434718701534893,0.3226840143393977,1.914425381945564,1.9980759375300423,0.0,0.0,0.0058477490442435,2.013151487361992,0.0,2.544123290291324,1.8899298370748472,1.2267073252906708,1.6351971808100938,2.357331307720869,0.0,0.0612135108136945,0.0,2.305457212521408,0.0,1.9023969574100783,1.8135501260962847,2.561107855286453,0.0,1.86419114995166,2.1639281654973046,2.082839365290138,2.2166968347718097,0.0099139352472923,0.0,0.0,2.114774015346892,0.0,2.0709606492509707,0.0,1.6943236774939685,1.8415896422235256,0.0,2.2150938123997848,0.0,0.0,0.0047300302595968,2.4460820892972683,0.0,2.173285730838828,1.948326454543985,1.9044302134117703,0.000299695626201,0.0,2.199982689545961,0.0,1.9334175628374115,0.0,0.0,0.0,1.9922124207240672,0.0,0.0,0.0,2.0324890540876663,0.0,1.3419497160211828,0.0,0.0,0.0,0.0,1.9476471744596509,0.0,0.0,0.0,0.0,2.8552065578016466,0.0,1.7594195877696397,2.463429777476718,1.958577033226232,0.0,0.0,0.0,2.134313160088309,0.0,0.0,2.054351306771027,0.0,1.3955826204738255,1.9610751590910824,2.417837344224882,1.7998137969866168,1.8898219491308408,0.0,2.5176153929429352,0.0,1.9843110299101103,0.0042055445107332,2.310730285869753,2.0536664854863127,0.0,0.0,0.8995407708709685,0.0,1.916191317211436,1.9009682923111384,1.898397191222696,2.0073077616546016,1.8054624589679995,1.6845365530143095,1.7064030509355632,1.9061865723288207,1.2260572388272548,2.194397204301077,2.0663162755918383,1.9353421550315868,2.4280552587862814,0.0,2.4327336117193985,1.9250446727082349,1.5853631290451484,2.1003258217362752,0.0,0.0015128743119585,2.077824422712148,0.9254088823269148,0.0,0.0,1.6183897851113298,2.4938871191019123,1.8351618838404984,1.8762908003252503,2.048994894844014,0.0,0.0,1.8388135175026887,1.005833166298734,2.2944183399990217,1.925627392904816,0.6683397629693734,2.0680201506860243,2.3500367341387016,1.8221641866570304,2.102690375544305,0.0,2.304758165897176,0.0,1.5842160325549417,0.0,0.1272948246018641,0.0,0.8296218893787932,1.7933661885866994,1.84083444064532,0.0,1.274139176389136,0.0,2.0320956885077983,1.8581024889522777,0.0,0.0,1.7773599738737689,0.0,0.0,1.7884039027177088,0.0511925999789992,1.8294878841303124,0.0072013125124393,0.0,1.94226259509098,1.673885671607669,2.1638068865269298,2.075940649950451,2.1287783661687443,0.0,0.0,2.2923010875877847,1.8048862236538807,2.0453857273813347,1.7706859003085078,1.9372487911297376,0.0,0.0,1.8918448157740813,2.2894740610045,2.168453845092896,1.9808172153444448,2.017073353803787,0.0,2.434508153946754,1.7108772971831236,1.9818094208645496,1.907175147217216,0.0,1.8461794623803207,1.9757858302059552,1.2901614501864591,2.552995111300186,2.1439184874247363,0.0,1.6896696127620818,0.0,1.8160883714216427,0.0,1.8626869562083883,0.0,1.3896798280364488,2.1105858832606463,1.4176149229617208,1.1761456482879222,1.6601044440827284,0.0,0.0,1.850441465206744,1.3030071433702166,0.0,0.0,0.0,1.7647268928517963,0.0,0.0,2.06993757614952,2.0665829637982114,0.0,0.0,0.0,1.8044088193727696,2.33545171607769,0.7543385006268422,1.946215282236175,0.0,2.099987254932953,2.1516374279746504,1.253867234896857,1.7562025072171168,0.0,1.7128193442347035,1.8001591597460005,0.0,2.047714607989385,1.8381664870953656,2.3900743227150296,2.0431532680308173,2.138429310847176,0.0,1.7781464344710984,1.7717218053811337,1.8482200077416324,1.6599727636760233,2.301028547398285,0.0,1.392058951395302,0.0,2.0698347215143107,1.8304918403678847,2.0192570472828346,1.7948154136798349,2.1001575219410507,1.9228855907165825,1.811640252401021,1.7687939114271218,0.0,0.0,0.0,1.894385760738288,0.0,2.3134320014898133,1.99600394158408,1.9875698783168827,2.2036878966104325,1.9045798085350103,1.5890794404577264,0.0,0.0,0.9389771409944312,1.2007155231456696,2.4107784161854005,2.429896515122984,2.00197407960737,0.0,1.6704019532647902,1.1815099912642728,1.881408440410693,1.7836148050950336,0.0,0.0,0.0,1.8393800417336923,1.4146415404816544,0.0,2.4720973896935865,0.0,1.8982837479890944,0.0,1.6302114553773417,1.8084155344264727,0.0,0.0,0.0,0.0,1.757674672528902,1.7505697482123133,0.0,1.5795104743234534,1.9441703173897888,0.0,1.7813437696813126,1.82966316752156,2.008171152559948,1.5861371588399509,2.4068019989201166,0.0158610096280172,0.0,1.3313860283077312
UGR,0.0,0.0,0.0,0.0034996813457503,0.0,0.0,0.0,0.0,0.0112272334649217,0.0,0.000759337321571,0.0004906217776858,0.0,0.0,1.300143301676137,0.0519560013591872,0.0,2.0579101045303,0.0523806207224219,0.0,1.9126071967864733,0.0,2.3148475543717315,0.0,1.4745703824819016,0.0110440110949017,1.326996711760751,0.6805516685078662,1.751439961085026,1.014089070034868,0.0081410283181566,0.0,0.0,0.2760475199715216,0.0,0.0,0.0,0.0,0.0,0.2033970006358387,0.0797241475560046,0.0,0.2790359742214541,0.1524097685184567,0.0,0.0715277845881455,0.035172725167447,0.0,0.0,0.054394068774537,0.0,0.0069463864919276,0.0,0.0089501788536564,0.0,0.0499509751779816,0.0,0.0,0.0,0.0602554987215001,0.0094204048472622,0.0052209395737261,0.0243465113086705,0.5569527457811233,0.0,0.0070067696419791,2.066427039431691,0.0291793871926364,0.0,0.1510217997107295,2.2052938396633377,0.1489564205977837,0.0,1.9508225332775584,0.0,0.0071958707481295,0.0,0.0215918581726983,0.0194522922386726,0.0,0.0,0.1617498450711669,0.0,1.048120761606834,1.8428962970420364,0.0,0.0068838381874602,0.0,0.0,0.0186674224518109,0.0120445003286479,0.0,0.0,0.0,0.0073170411215421,0.0,0.0,0.0,0.0,0.0111133978044812,0.0168830275486106,0.0,0.0,0.0,2.0038869757234896,0.072472332269711,0.0174625136335455,0.0,0.0463048145070567,1.739286669641826,2.1306850937383075,0.0,0.0022244581953717,0.0,0.0,0.0,2.6081947659588844,0.0,1.8022347845542257,0.7578492217673422,0.0,0.0,0.0001321384524578,0.0217415992520198,0.0,2.1577684895382228,0.0,0.0,0.0,0.0041258285933752,0.0015144596735927,0.016469809195994,0.013609645714601,0.1008892334020045,0.0,0.5112079531799758,0.0,0.0,0.0,0.0,0.0659729811371098,0.0,1.730645134144743,0.0,0.0,0.0,1.5172908672526826,0.5924594896780103,0.0590519034110666,0.0,0.0,0.0019003739822263,0.0,0.0,2.454250616640219,0.0,0.0,0.0492495435175206,0.0,0.0,0.0,0.0397629573539514,0.0,0.0,2.3187633313060068,0.0086396403705881,0.0047512789086944,0.0,0.0,0.0061357214617475,0.0,0.0,0.0,0.0132429830171617,1.980070464299922,0.0,0.0051554518602037,0.0721566504768352,0.0,0.0011848181509865,0.0025742444864178,0.0021059976285654,0.0,0.0082591792588492,0.0,0.1450706102121588,0.0,0.0,0.0,0.0,2.3732223251523497,1.4046592548649228,0.0,0.0,2.259275226206229,0.0,0.0475802586084826,0.1366530419187138,0.0,0.0897602067744727,0.455068710549961,0.0,0.0,0.0175224447521393,0.017172094460021,0.0,0.0,0.0,0.0577316737379468,0.0,0.0,0.074355534378864,2.091735262494673,0.0042666974833457,0.0,0.0,0.0,0.0,1.1400457734571192,0.0,0.0394266996915354,0.0774859171473358,0.0335883892853172,0.045997883801162,0.0100496297794854,0.0544001450636788,0.1530065424466594,0.1309289857949583,0.1515341107799777,0.0,0.0,0.0,0.0025577468234764,0.0,0.0,0.0,0.0,0.0,0.0,0.0786838801959443,0.0,1.9638706318476007,1.56659378441634,0.0,0.0025647669117596,0.9254009848539924,0.0,1.4568016572528868,0.0,0.0,0.0,1.2127795022092271,0.0,0.0,0.0,0.0,0.0,0.0,0.0,0.0448281009381684,0.0065350512746648,0.0,0.0,0.4648423881090567,0.0231603560902375,0.0492313124305453,0.0,2.2783178821824017,0.0,0.0,0.0,0.0019873911637326,0.0545542768546886,0.0221350330456973,0.0006017825512623,0.6665319090997629,0.0,0.0,0.1071102548482634,0.01338559968512,0.0006506707435512,0.042228174683157,0.0666654777237987,0.0089319360000925,2.01334803898234,0.0,0.0042569040915679,1.5598037632516617,0.7429611824622796,0.1623107872267306,0.0049897663391258,0.0,0.0949002185365362,0.0223604658618813,0.0,0.0,1.7216070405832131,0.0,1.889511254533581,2.2719969489000515,0.0066853234266895,0.0,0.065482003623806,0.0,0.0,0.0,0.0040149256910969,0.0003639347031368,0.0,0.0,0.0,0.0493224887094805,0.0,0.0088974944994146,0.0,0.0395555232188882,0.0,0.0480385391295196,0.0,0.2228261318118845,0.0,0.0,0.0,0.0,0.0491427000557098,0.057626376185077,0.0,0.0309734339763012,0.0441654496426289,0.086208051434273,0.0435495836743169,0.0,0.0069249755761951,0.0165491651652371,2.233607061862657,0.0,0.0,0.0229166459426649,2.6049299348229784,0.0058570717083241,0.0,0.0,0.0,0.0,0.0,0.1021659685308845,0.0,0.0040916160398257,0.0,0.8100693349205795,0.0,0.0324189818147188,0.0,0.0,0.0065912992744412,1.9556290996748624,0.1305143938344143,0.0099553346823227,0.0,0.0118851151117694,1.0070641345082103,0.0187087476124066,0.0091777055325615,0.1009799847462327,0.0,0.013757725577448,0.008073030000377,0.0,0.0,1.3679265265475309,0.0593505121479264,0.0,0.0,0.0,0.0,0.0,0.0,0.0,0.0,0.0,0.0,0.0,0.0017234672545597,2.125431094578149,0.0202512676677418,0.0,0.0,0.0310647606166977,0.2526075816921654,0.0468613883104523,0.1761114930204084,0.0015379548525245,0.0765388946346129,0.0137906190465623,0.0,0.0014383956760751,0.0098821156495348,0.0,0.0010141756087014,0.0,0.1205061870394834,0.0,0.0205107961975832,0.0758564129520492,0.0,0.0121506814402247,0.0,0.0211420230147963,1.036287321216451,0.0223926659747364,0.0,1.809756615912228,0.0058924972508063,0.0,1.5345318419039735,0.0,0.0,0.0,0.0,0.0,0.0003392271854338,2.354167753622101,0.0,0.0470806027633443,0.1266793456804208,0.0648435739983711,0.0,0.0,0.0,0.0,1.048385316434396,0.0,0.0341116969189252,0.014156805145316,0.0,0.0,0.0,0.1473116499693854,0.0,0.0059508410884978,0.1279753438635899,0.6903839095433538,0.0,0.0,0.0008666492018745,0.0,0.0,1.8336248142570069,2.1609291801124657,0.1732157020861427,0.0623743969126072,1.520709202405794,0.0,0.0599165330790823,0.6565095442018238,0.059166807313041,1.4874210769096394,0.0610998712697892,0.0,0.0,0.0,1.0504268399636751,0.0099056191721513,0.0,1.034658151334205,1.0393053788166255,0.0053558042724701,0.0096448149032901,0.0068473002791105,0.0,0.0,0.0,0.0,0.0047322678422569,1.971625737258608,0.0,0.0,0.0,0.0,0.0049616077973249,0.1823592493508404,0.0,0.0,0.0857248448632235,0.0,0.0,0.0,0.0,0.0,0.122415956850994,0.0,1.7483222996464065,0.0387141464978501,0.2297170105301069,0.0254715719754008,2.3605901378937166,0.0,0.0495186211089361,1.7395077322119716,0.0044768489022194,0.0027304087607794,0.0412511489219914,0.0,1.147813553167035,1.9687111133830413,0.0,0.0,2.0871173767871705,0.0,0.0,0.0080025431785543,1.7363042405506115,0.0,0.0,0.1092237982662138,0.0,0.0,0.1367573665336079,0.0,0.0,0.0603564630219179,0.0298350010329395,0.0,0.0,0.5392798215043569,0.0018099881716853,0.2047242474296984,0.0,0.0,2.108266331069601,0.7799777867105817,0.0,0.0,0.9255847132885008,0.0862748539672558,0.0109351968819987,0.0,0.0446914747496779,0.0,0.0007084925651678,0.0,0.0526099985291018,0.0470593805806935,1.1024182294300762,2.30949846130406,0.8490244024187982,0.0,0.0,0.0,0.2229608307559289,0.0,0.0,1.1365704557037133,0.0,0.0,0.0,0.0,2.2609107686919843,0.0,0.0,0.0,0.0,0.0,0.0,0.0155571453787248,0.1309348152418867,0.0432945576802247,0.0,0.0,0.021564309172646,0.0,0.0141725989626496,1.846411738392712,0.0037886155420275,0.5422756964710452,0.0,0.0,0.0011375419627158,0.0,0.0,0.0,0.0,0.0038575886788901,0.0,0.0,0.0162887720534626,0.0077350812389112,0.0,0.0,0.0,0.1388307002528657,0.0194876003304418,0.0,0.0,0.0,1.0840719463427573,0.0,0.0153893036466627,1.817754034311012,0.0,0.0343169683023349,0.0143152952602746,0.0,0.0619261702390769,0.0,0.0,0.0,0.0,0.0119758457558007,0.5147731401277178,0.0052616388164839,0.0,0.0,0.0588399119309715,0.0,0.0,0.0775398681177581,0.0,0.7536987112222384,0.0193776806250134,0.0,0.3636730027534969,0.0141422652125563,0.0144067875818963,0.0284839087217428,0.2378411924891863,0.0270231336466779,0.0388553967363749,0.0558849766732521,0.0,0.0,0.0,0.7313023318070051,0.0242039487711322,0.0,1.8920519044720063,0.0182064454400889,0.0,0.0,0.0,0.0,0.0,0.0,0.0074233477850239,1.9558338531213404,0.0,0.0579164607140888,0.0116005428404748,0.0,0.4513547517705157,0.0019235546018169,0.0011504473243118,0.0475064314027913,0.0270613570315635,0.0,0.0,0.0,0.0,0.0205944670804183,0.0,0.0077127631454951,2.443946999891263,0.0071328198892151,0.0,0.0,0.0,0.0,0.0,1.6816277529225008,0.0,0.0,1.387175589097052,0.0,1.4345662515220328,0.0,0.0566804005211347,1.830824777232404,0.0,1.71607653765755,0.0041375117937309,0.0,0.0064833931384491,0.0037965344746474,0.0,1.098364131629004,0.0813169875309605,0.0,0.0438851452732108,0.0,0.0,0.0,0.0028870325426495,0.0,0.0,0.0,0.0906482542295361,0.0,0.0663293228055129,0.0,0.0752196043299293,0.0,0.0216748908437725,1.1423731861313409,0.007187446107704,2.1726415933185343,0.0,0.0143762335943415,1.6554388990958608,1.8154280218523504,0.2827704461120251,0.0,0.0300667559119384,0.0450625228839935,0.0620157129790106,2.4861784653557724,0.0,0.0,0.0274788786547251,0.0,0.0,0.0,0.0,0.2012195646397344,0.0,0.0,0.0,0.0007607417287466,0.0,0.0,0.0574791671836105,0.0496275514004012,0.0,1.1035762954762536,0.0129180973447941,0.0066617692391341,0.0208090424525142,0.0682036302556821,0.008017514161588,0.0,2.1360297935579005,1.0624432726736124,0.0081322123287167,0.0,0.0,0.0,0.0,0.006829528577063,0.0,0.0,0.0,0.044120960261116,0.0130633468251352,0.0,1.2011777153806191,0.0179294149637299,0.0,0.0,0.1013819092343719,0.0046954172720872,0.0424983260711384,2.3826653920830707,0.0,0.0047007674773044,0.1794847507804551,0.0,0.0,0.0271995152918689,0.1022916691210918,0.0,0.060864737619718,0.0,0.0,9.082664299781256e-05,0.0502804118467914,0.0,0.006715562864565,0.0311864800920208,0.1508356806387413,0.0,0.0,0.0092562201208926,0.0,2.1368675775217287,0.0,1.112950020888787,0.049374409316988,1.5397459998111809,0.0,1.02746730387089,0.0,0.0043695568651841,0.0,0.009780568498929,1.1523557244768945,0.0,0.0,2.086175786587202,0.2290402482359716,0.0322918806482531,0.0484630378906049,0.0,1.580508205034039,0.0045942268287842,0.0083830757516639,0.0,0.0,0.0,0.0,0.0,0.1392301930810578,0.0,0.0,0.0306000797986211,0.0,0.0,0.0046896586072137,0.0678524552143267,0.0022129963034568,0.0,1.4710086687636867,0.1113305782607524,0.0446266931800098,0.0,2.266422590409898,0.0,0.0072408770464765,0.0,0.0594733055678795,0.0,0.0,0.0,0.0,0.2937522751383775,0.0,0.070354468897802,1.8232599614399208,0.0074610592060416,1.8293783921042843,0.0,1.7992486798781382,0.0,0.0,0.0,0.0,0.0466643747175862,0.003236318235991,0.0,0.7079010615163746,0.0017743182955507,0.0,0.0067264765281349,0.0228224562410686,0.0143648686473624,0.0,0.0,0.0,0.0958572230409345,0.0,0.0043571399191931,0.0,0.0582453373745264,1.0532745252671694,0.0101162959737975,0.0,0.0,0.0,0.0455837475505127,1.681250558286023,0.0119910872686531,0.2161071576272236,0.0,0.0,1.7625992619636452,0.0,0.0217196944986838,0.0177426791603552,1.6786881238922526,0.0,0.0,0.0004728153757318,0.0458977235346574,0.0528787126990079,0.0,1.4220663505980031,0.0410294433700143,0.0,0.083969213713219,0.0,0.0225578560150253,0.0065035259538782,0.0,0.0,0.0,0.0781154433076748,0.0808741288950303,0.0767145664558816,0.8804675308004488,0.0757960964948032,0.0,0.0,2.3983099508144963,1.793502949406253,0.0,1.7818180900399752,0.0,0.0428994581254997,0.0,0.0,0.0159300075285956,0.0138280404070059,0.1227843161192995,0.0,0.0654384683325463,0.0,0.0,0.0,0.0191989363287988,0.0,0.0,0.0286853338902014,0.0,0.0,0.0,4.106497950523381e-05,0.4939162496140719,0.5933633219847263,0.0080991599009995,0.0,0.0204063060288173,1.4756865057733115,0.0,0.0772385174952289,1.8598187410588656,0.4860592477866228,1.9787802483265176,0.0045290214484201,2.28792920463416,0.0,0.0,0.0615494765227134,0.0037268616093116,0.0341730981908818,0.0,2.060321541920192,0.0,0.0,0.0005566134390294,0.0,0.0,0.0,0.0015378153032039,0.0,0.0002811938677199,0.0,0.0544635275995384,1.94659037742432,0.0,0.0,0.0,0.0022754399902789,0.0,1.643107290158613,0.0170666862150431,0.0,0.0701660246216163,0.0,0.0765311595402355,1.8746041542691017,2.1687321755597178,0.0,0.0,0.114254261613445,0.0,0.0,1.8899781980231471,0.0169626228957827,0.0,2.1059398852554487,0.0292849326538811,0.0035987360176717,0.0,2.211621831716021,0.0,0.0,0.0,0.1788391614405821,0.069434094505062,1.5151347292456352,0.0101911076850678,0.0,0.0,2.0030288659574293,2.14235396226562,0.0,0.0,1.7064843657340731,2.1628445282209965,0.0,0.0644595576927728,0.0,0.0,0.0,0.0115548105792669,2.1349895806725407,0.0423277637693215,0.045111034203649,0.0872893573519767,0.0066877485098386,0.000860182194244,0.0,0.0,0.0,0.0,0.1516933970076697,0.0,0.0022030556790488,0.0,0.0,0.0057617618053856,0.0077462376653764,1.6355100156064462,0.0510303087793736,0.0102440233278787,0.0448789263843881,1.7231241413076872,0.0942664335140509,2.013168259596372,0.0026466990677376,0.0,0.0,0.0,0.0,0.0569579313006221,0.0,0.0,0.0,0.0,0.0,0.0,0.0,0.0,0.0,0.0021042406217627,0.0,0.2506878043109252,1.942816792912554,2.085501115921204,0.0,0.2228108904977437,0.0001211125788136,0.0,0.0059265813705624,0.0,0.0028871232931033,0.0,0.0191644604028713,2.0651131670849683,0.0,0.0996963017175989,0.0804703815377157,0.0,0.0,0.2384060937275959,0.0107516941495222,0.0,0.0,0.0,0.0,0.0501873559080687,0.0,0.0,0.0278685950481231,0.9544482997259452,0.0247237103563002,0.0436019401669076,0.0,0.0008577285982823,1.3704143273084453,0.0,0.0,0.0,0.0,0.0006397734837958,2.4227844656314304,0.0507998518614837,2.039512524275945,0.0455869332573267,0.1714057349607345,1.9970043358359943,0.0,1.9914578728402623,0.0289019389806328,0.0333203738710077,0.0,8.70114250679688e-05,0.0,0.0,0.0188135009580805,0.0,0.0,0.0,0.0314183200413427,0.081882055495829,0.0,0.0,1.7901420404046795,0.0,0.0,0.0094637778839864,0.0025504289397649,0.0,0.0,0.0076685953599414,0.0,0.0,0.0,0.0,0.0065158144561848,0.0,0.0864654186137918,0.1041456802487124,0.0016186925260129,0.0,0.0200164360281209,0.0,0.0029455757888184,0.0876783377248551,0.0,0.0,0.0,0.0,0.071525805804205,0.0061690819138356,0.0,0.0,0.9406564463823268,0.0050691559288716,0.0201760408760195,0.0142869360905837,1.072332153692387,0.0130830088336073,0.0260578692011143,0.0,0.0077890841553351,0.0025477601777424,0.2569573831451688,0.1311068352071265,1.6725561897325336,0.0,0.0081608047200468,0.0,0.2149613970457254,0.0,0.0,0.0,0.0,0.0,0.0,1.6635731715150484,0.0166926474327769,0.0688710015685682,0.0,0.0,0.0101022162936645,0.0,0.0064333534579214,0.0,0.0,0.0,0.0,0.1622741392608058,0.0,0.0,1.5364465128021814,0.0596431575701433,0.1689703362139507,0.0,0.0,0.0067172896593157,0.0,0.0,0.0,0.0,0.0626676320842112,1.908973321048796,0.0,0.0,0.0,0.0490145577720839,0.1423548653205847,0.0187587654148933,0.0,0.0394098104438658,0.0,0.0,0.0,0.0,0.5509471950976106,0.0,0.0152391585329009,0.1070067618127742,0.0,0.0,0.0,0.0017162077613011,0.109828776558818,0.0080170267045369,0.0563535532196403,2.0530508431878105,0.0,0.0,0.0,0.0,0.0,1.3762906656318354,0.0,0.0,0.0,0.0,0.003214954257814,1.6722440727946546,0.0,0.0620160425938025,0.0,0.0,0.1751513047104408,0.0147760080939032,0.0,0.02381379327805,0.0467209708109339,0.0,0.0496226861057448,0.1064189364311976,0.0,1.859638340313472,0.7358496747388673,0.0
WNT4,0.1764264905950043,0.0,0.0,0.0,2.201061381705938,0.0,0.0,0.0,0.0,2.102421251047303,0.0,0.0022063383987345,1.8955002064550888,0.0636997294348153,0.0,0.0,0.0,0.0,0.0,0.0018845374540141,0.0756327328013262,0.0,0.0,0.0,0.0,0.0,0.0,0.0,0.0,0.0,0.0,0.0,0.0,1.7541600942533908,1.8684694042526675,0.0,0.0,0.0,0.0,1.8428872433938777,0.0,0.0,0.0,0.0,0.0,0.0,0.0061779075075832,0.0259603970218537,0.0991722524848784,0.0113939048843524,0.0956938173334722,0.0,1.8610928100120656,0.0,0.0,0.003234777721786,0.0,0.0,0.0072716955196169,1.8507180347800165,0.0123719061806975,0.0,0.0,0.0,0.0,0.0,0.0,0.0,0.0,1.791058964628533,0.0,0.0,0.0,0.0,0.0,0.0,2.026167541538344,0.0,0.0,0.0462092531815141,0.0,2.2211374894668543,0.007028725634927,0.7655567729128385,0.0,0.0,1.8274288456833223,1.8567142628527595,0.0,0.0,0.0,0.0380031249414827,2.062096449588584,0.0,0.0,1.6354666277152314,0.0,0.0,0.0346359684702217,0.0,0.0,0.0,0.0,0.0,0.0967834467794953,1.149830776235269,1.715493493294404,0.0,0.0,0.0,0.0,1.8926104067318068,1.7862781972957504,0.0,0.0,0.0,0.0,0.0,0.0128562586948629,0.0,0.0,0.0,0.0048094912402329,0.0,0.0,0.0,0.0095419118531612,1.7562662043357355,0.0,0.0,0.0237940735261829,0.0,0.0,0.0,0.0,0.0,0.0393957147570752,0.0,0.0,0.0,1.892641732820722,0.0,0.0,0.0,0.0,0.0,0.0,1.242289279133968,0.0,0.0,0.0,0.0390369654899418,0.0,0.0,0.0,1.6064654752721472,0.0,1.9063041694114056,0.0,0.0,2.317673440222694,0.0221259981827203,0.0,0.0,0.0,0.0,0.7480587093742521,0.0,0.0,0.019306423718359,0.0,0.0,0.0,0.0,0.0,2.1038087891487414,0.0,0.085027616113423,0.8448989551257814,0.0,0.0,0.0021953791327696,0.0,0.0314754105201918,0.0239007075850499,1.923251359734402,0.0,0.0,0.0018737236227563,0.0,0.0,0.0,0.0,0.0,0.0,0.0063844832972814,0.0,0.0,0.0,0.0,2.1001803088696644,0.0054185630111837,0.0,0.0,0.0,0.1436566981719614,1.5368445699699895,0.0190811745071254,1.5872999588484014,0.0,2.4796077306050184,1.9348073670959955,0.0,0.0,0.0,0.0,0.0,0.0254619997354149,0.0,0.0,0.0,0.0,0.0,0.0,0.0,0.0,0.0,0.0,1.7662917614167588,0.0,0.0,0.0,2.023690806171298,0.0,2.1658068888296254,0.0,0.0262977805813058,0.0,0.1201953834209117,1.791386039970805,2.171463294153511,0.0267489642087279,0.0,0.0,0.0645309015307434,0.0,0.0,0.0,0.0,1.907182905815252,1.7856797319904711,0.0,0.0,0.0,2.0341097582818017,2.0493432051552576,0.0165585080522914,0.0,0.0,0.0,1.7455808043800642,0.0,0.0,2.0891512037408995,0.0,0.0310112648409527,0.003411174339786,0.0,0.0,0.0,0.0,0.0,0.0,0.0027226601929017,0.0,0.0,0.0,0.0,0.0,0.021847293751039,0.0,0.0,0.0058019261864996,0.0,0.0,0.007200838184832,0.0,0.0,0.0,0.0,0.0,0.0093922301107013,1.8640557061145249,1.7910324887390123,0.0,0.0,0.0,0.0,0.0,0.0,0.0112071948904883,0.0460859364869344,0.0,0.0002818921194922,0.0017054823869463,0.0,2.2995666164098445,0.0,0.0187764825273713,0.0,0.0463305442759324,1.7736640453968384,0.0046581757923727,0.0,0.0434548913483328,1.9097180247886365,0.0,0.0,0.0144611609374947,0.0,1.533512907658578,0.0,0.0,1.0838168124558794,1.9571922408445712,0.0,0.0,1.9143538017214965,0.0,0.0,0.0,0.0,0.0,0.0222459261276323,0.0,0.0,0.0,0.0501509841482611,0.0,1.7771617128282935,0.08094944883937,0.0,0.0188359993076659,0.1899746635053185,0.0,0.0960972965282987,0.0,0.0,0.0,1.140356178483399,0.0,0.0,2.320646413684292,0.0,0.0,0.1139067425141167,0.0012500348757826,0.0,1.705564551594634,0.0,0.2075429553576922,0.0005975405809505,2.069675567100953,0.0433553676067789,0.0178063723670802,0.0,0.1060525310763083,0.0,0.0,0.0,0.0,0.0,0.0008160041334761,2.0517865264078448,0.0,0.0320050053922846,0.0,0.0,0.0,0.0369556759372613,0.0,0.0,0.0,0.0808238043645623,0.0,0.009868559251692,0.0,0.0,0.3255641590364001,0.0,0.0,0.0,0.0,0.0,0.0,2.2514808179294823,0.0,0.0,0.0,0.0,0.0,0.0452896711984544,0.0,0.0,0.0,0.0,0.0144117834550482,0.0,0.0,0.0,0.0,0.0089571350449525,0.0303362518990993,0.0,0.0,0.01885220638191,0.0,0.0067984292335883,0.139755310094274,0.1002036075292116,0.0,0.0,0.0,0.0282969497454792,0.0,0.0,0.0,0.0,0.0045961533678808,0.0,0.0,0.0,0.32433442452301,1.8506264611647485,0.1281934836008759,0.0183641131285708,0.0,1.7483422108315727,0.011877065688688,0.0,0.00672190633054,0.3856775560095555,0.0799626398914923,0.0,0.0,0.0230048485610416,0.0,0.0,0.0,1.884465128056696,0.0,0.0038854756635193,0.0,0.0,1.2675915737946202,0.0,0.1034334863177863,0.0,0.0011928465045394,0.0,0.0,0.0,0.0,0.0,0.001348840581853,1.8327569143004887,0.0064998530523024,0.047786104887853,0.0,0.0,0.0,0.6875978448898793,0.0,0.0185038203831329,0.0140689182013367,0.212282332197175,0.0575296712700244,0.0,0.0,0.0,0.0177913181252284,0.0,0.1116234159169673,0.0062932738295492,0.0,0.0005097945180932,0.0,0.0,0.0,0.0,0.0,8.188619251117356e-05,1.139257911844504,0.0,0.0,0.0,0.0,0.0182133679311362,1.9295650935715711,0.0,0.0,0.0,0.0,0.0,0.0,0.0,0.0,0.0,0.0,0.0,0.0,0.0,0.0293048454238432,0.0462110611520898,1.7959488087163826,0.0,2.3781212678915216,1.9070497754415487,0.0,0.0,0.0,0.0,0.010945402369795,0.0,0.0,2.7874478368535365,2.0416527891971388,0.0023296971875523,0.0,0.0,0.0,0.00040803788571,1.7969014503302254,0.0,0.0,0.0,0.0,0.0,0.0,0.0,0.0,0.0111422861067453,0.0,0.0,0.0,0.0,0.0,0.0,0.0701637795806936,0.0487834678596906,1.917773056220716,0.0203447267562109,0.3176436300819893,0.0,0.0,0.0,0.0,0.0,0.0,0.0,0.0,0.0,0.0,0.0,0.0,0.0175913581001565,0.0,0.0,0.0,1.4434648784649355,0.0,2.849597991555384,0.0116953412288151,0.0,2.1365280790159686,1.73368407481788,0.0,0.0284360969640057,0.0,2.4179847281140687,0.0,0.0,0.0,0.0602818336001336,0.0,0.0,0.0,1.7792612049837118,0.0,0.0,0.0,0.0,1.8764165792429528,0.0,0.0,0.0131445015655808,0.0225116832569122,0.0,0.0,0.0,0.0,0.7312755401455364,0.0,2.4353164755057746,0.0,0.0,0.0,0.0,2.126339784684246,0.0,1.8594364211845889,0.0,0.0285566866811688,0.0,0.0,0.0,1.7721312275783054,1.5705080272732206,2.258089206900596,0.0,0.0,0.0,0.0,0.0,0.0,0.0,0.0,1.9755336825801573,1.753437811159834,0.0,1.8603683721495488,2.293462233597966,0.7426756396294457,0.0,0.0,0.0,1.888118913977204,0.0,0.033321542051021,0.1997576538899537,0.0029149106602237,0.0,1.8391599891134256,0.0061861522623429,0.0,0.0,0.0,0.0,0.0,1.901897944720856,0.0,0.0,0.0,0.0,0.0,0.0,0.0051718831503493,0.0,1.825939531084471,2.0380815666631342,0.2020397160867159,0.0,0.0108148153146426,0.0,0.0,1.7560910153460425,2.0320970030582752,0.0,0.0,1.7404317497242394,0.0,0.008532044831636,0.0149802257873248,0.0,0.0,0.0,0.0,0.0,0.0,0.0,2.09718778141123,0.0,0.0,0.0131673614361985,1.8976067753781447,0.0,0.0,0.0028985162108122,0.093116612070877,0.0,0.0,0.0,0.0,0.003581746903492,0.0,0.8767617691640844,1.8201139732677576,0.0,0.001274628965213,0.0,1.3319086871019314,0.0,0.0,0.0,0.0,1.9040915112829024,0.0,0.0,0.0,0.0,0.1228475309761531,1.971057355501329,0.0,0.0,1.1593391181325194,0.0,1.950534491506212,0.0,0.0,1.885382131973913,0.0,0.0132885573616936,1.9980805081238129,0.0,0.0,0.0,0.0678206635926111,0.0032140671317761,0.0,0.0,0.0,0.0,0.0,0.0015277970447334,0.0,0.0,0.0,1.7261475459433293,0.3275128497668248,0.0,0.0,0.0071159477375851,0.1197486079304379,0.0022983491521518,0.0,1.9117483230394297,0.0,0.0,1.4673933128213408,0.0,0.0131990250782772,0.039616650109653,0.0007283019797195,0.0,2.137742190591197,0.0,0.0155137811140614,0.0,0.0025455582712375,0.0094880134942141,0.0307338879305093,0.0,0.0,0.0,0.0,0.0,0.0,0.9691789322899408,0.0,1.811524971494335,0.3810237191361688,0.0,0.0,1.6621533733929876,2.0598800325095827,0.0,2.19318290236066,0.0,0.0,0.0,0.0,0.0,0.0367912306277554,1.4769845301425102,1.7553897053225471,0.0,0.0,1.7836388281959086,0.0,1.747685948033416,0.0,1.7315857569134772,0.0,0.0,0.0093968256837343,0.0,0.0,1.7398364094632002,0.0,1.672455274079118,0.0,0.0,0.0,0.0,0.0,0.0,2.024434328252556,1.967340809093952,1.7175889000668596,0.0,0.0,0.0,0.0,2.126568451061394,0.0,1.7423970277820406,0.4389425965296005,0.1571871288897413,1.841883833913722,0.0,1.7823376357146623,0.0,0.0,0.0,2.336409316178435,0.0,0.0,0.0,0.0,0.0,0.0,0.0,0.0,0.0,0.0508676884712081,0.0,0.0,0.0005447097155665,0.0,0.3083649376794063,0.0,0.0,0.0,0.0,0.0,0.0284931843081157,0.0,0.0,0.0,0.0693312721882611,0.0,0.0,0.0,1.3557008558522634,0.0,0.026713616808837,0.0,0.0,0.0,2.2031508757762626,0.5647113394740634,0.0,0.0075640797354486,2.313848180369399,0.0,0.0070207028753921,2.3144144079535494,0.0,1.7662247342261326,2.2625773268999723,1.7322090751210857,0.1171660997970905,0.0,0.0123102242177739,0.0,0.0,0.0,0.0,0.0150009462272785,0.0,0.0,0.0,0.0,0.0,0.0827523808154728,0.0,0.7292397470841149,1.909016855719185,2.2722529915699115,0.8774847679727333,0.0,0.0,0.0,0.0,2.0533078334560866,2.0281506532168883,0.0,0.0,0.0510525070848079,0.0385278486311903,0.0066674263594084,0.0,0.0,0.0,1.859101301618851,0.0,1.105240091257501,0.0,0.0,0.0185830230458965,1.4955723834031265,0.0,2.046212546637872,0.0,0.0,0.0,2.374267292362964,0.0,0.0,0.0,0.0,0.0,0.0316490614494828,0.0,1.9908236537930488,0.0,0.0,0.0,2.1103732087938907,0.0,0.0,0.4434291266041645,0.0,1.9063873837998009,0.0,2.1380853825739106,0.0105865472036779,0.0,0.0,2.0679481635889383,0.0,0.0,2.093112274058995,0.063821323033565,0.7652089059396816,0.0,0.0046087176946803,0.0,0.0154173177840245,0.0,0.0,1.2818352588604265,0.0,0.0011100504370734,1.4886083840834996,0.0,1.7299785816727746,0.0,0.0,0.0,0.0,0.0,0.0,0.0062129395091569,2.0218377239915992,0.0270087821909679,0.0,0.0,0.0,0.0,0.0,0.0,0.0043807285352672,0.0017530148580462,0.0070803299761559,0.0129104666795923,0.002138748710697,0.0,0.0,0.3511569046628257,0.0107396515305175,0.0,0.0,0.0,2.281172706096436,2.2760641730789795,0.120244546338405,0.0003427972722066,0.0178855304180949,0.0,0.0045057903885902,0.0,0.0,1.6271289595572045,2.374369161235956,0.0,0.0,0.0,0.0,0.0,0.0,0.0,0.0,0.0040768529895051,1.8938013749595064,0.0,0.0,0.0,1.697788425139434,0.0681421632432056,0.0,1.7576739018303766,0.0,1.7520494561108724,0.0,0.0045580258015293,0.0,0.0,1.5826487082762692,1.8657268125339304,0.0,2.39539199068732,1.5501549638919891,1.6972059188411082,0.0217832900681143,0.0,0.0,0.0,2.218816069043681,0.0,2.0710840255900926,0.0,0.0,0.0115681215687983,0.0,0.0,0.0,0.0,1.85226005597839,0.0,0.0,0.0,0.0,0.0213861746415925,0.0,0.0215059866768431,0.0,0.0,0.6572539656609829,0.0,0.0,2.552668070697292,0.0,0.0127827351452009,0.0,0.0,0.0,2.32351423453948,0.0061169141225213,1.5060831004812438,0.0,0.0,1.157354447492858,1.7781578241820948,0.0010470007530689,0.0,0.0014734755677193,0.0026647961380871,0.0,0.0,0.0,0.0,0.0,0.0,0.0,0.0,0.0,0.0323533998162524,0.0,0.0,0.0,0.0,0.2175900837927076,0.0,0.0,0.0,0.0,0.0,0.0,0.0,0.0,1.8802726714246345,0.0,0.0,0.0,0.0530773942474171,0.0463226360504823,0.0199065678213624,0.0,0.0,0.0,0.0,0.0,0.0192005930994258,0.0,0.0,0.0,0.0136499309864257,0.0,0.0467227810982231,0.0,0.0230089060492886,0.0,2.466698789247052,1.7543970897846666,1.3936087859590602,0.0004794295934767,0.0,0.0,0.0,0.2139606353338333,2.56176039078665,0.0,0.0,0.0,0.0,2.139707004929452,0.0445276385887047,0.0,0.7713153450490402,0.0,0.1617912013953374,2.3244030684981456,1.3590624689027515,0.0,0.0,1.7931865921797052,1.7313863248027603,0.0,0.7105493891219921,0.0,0.0,1.7286071923504045,0.0,0.0,0.0,0.0079927735117836,0.0,0.0,0.0,0.0,1.9606984733049628,0.0068833531800085,1.6700972257743432,0.0,1.728398089472616,0.0,0.0,0.0,0.0,0.0,0.0,0.0,0.0,0.0,0.0031528916129584,0.0,0.1589559161409592,0.0,1.7702251518595302,0.0,0.0,0.0,0.0,0.0,0.5422617494257674,0.009788664635382,0.0,0.0,1.7326862386114523,0.004398845924636,1.7828665663431902,0.0,0.0,0.0,0.0,0.0,0.0,0.5094165813024423,1.8661844660540603,0.0,0.0,0.0299478548498106,0.0,0.0,0.0,0.0,1.44891463924132,0.0197006505544631,0.1401339068245608,1.0978902602161396,1.3669827458533534,0.0,2.3090884305009585,1.8844183126515792,0.0,1.9275019282804284,0.0,0.0,0.0,0.0,1.2694608292177167,0.0409442366475958,0.0,0.0,1.4713964770311512,0.0,0.0074162128744276,1.671024564901031,0.1177792069371898,0.0310430018830627,0.0,0.0,0.0352040562057602,0.0344786471990927,0.0,0.0,0.0,0.0,0.0,0.0,2.140510085654035,0.0,0.0,0.0267285901879857,1.3086300608371293,0.0
WT1mKTS,0.0,0.0,0.0,2.3494872657394814,1.748154241781672,2.028417705343472,0.0,2.271387231791311,0.0,0.0,0.0,2.0847667629730653,0.0,0.0,1.32703349620087,0.0,0.0,2.3018034232560654,0.0,0.0,2.23997535867851,2.3021222243308297,2.045965729028344,1.683489930173026,0.0,0.0,0.0,2.2397984347715347,2.400967222860668,2.475217060864592,2.334018053382316,1.5371130206666714,1.869407785751556,0.0,0.0,0.0,0.0,0.0,2.1247533558409493,0.0,2.1053951242796654,2.068407481498076,2.2702661560733954,1.8223105033677929,0.0,2.39618270652088,1.8646249954407232,0.0,0.0,0.0,0.0,2.027031384702661,0.0,0.0,0.0,0.0,0.0,0.0,2.409153207137685,0.0,0.0,2.1281965223368013,0.0,0.0,2.541187699094708,0.0,0.0,1.7301450032336898,2.064648491194334,2.2722125794968377,2.4618578247099863,1.9198434960391428,2.3614898611261594,1.5164507981058717,0.0,2.2530942511507903,0.0,0.0,0.0,2.13176865818156,2.1741564765350523,0.0,0.0,0.0,1.622442705060524,1.9021958987510168,0.0,0.0,0.0,0.0,2.153954211380672,0.0,1.5743591728382291,2.035581364563251,0.0,2.3170493727442225,1.7525629663983286,1.8477070314870403,0.0,1.7825866901277905,2.180438697725274,2.484242696848487,0.0,0.0,1.7365836004927384,2.27578623212572,0.0,0.0,0.0,2.0309958068009304,0.0,0.0,0.0,0.0,0.0,1.8389256984363085,0.0,0.0,2.7135449557810403,2.0349576263285507,0.0,2.2015365761335555,2.3614087825077985,0.0,0.0,1.585495229494604,2.0995678142672904,0.0,2.0979813856603267,1.4465782727503869,1.893019077206053,0.0,2.091268158439477,1.884401455379889,1.4823974423104318,2.315579277276603,0.0,1.7139650267264843,2.196221163309655,1.6866714994267609,1.9823766153473497,2.109913039208231,0.0,2.0125704053427773,0.0,0.0,1.8909707255892607,0.0,2.0873808262890594,2.4963312859159466,2.855281171908306,0.0,0.0,0.0,0.0,2.1444783099755207,2.592493355384337,0.0,2.1888739817671388,0.0,0.0,0.0,1.8512646546252125,1.7267892982519069,1.9801153530902933,2.4844896369287026,0.0,2.102867457097442,0.0,0.0,0.0,0.0,0.0,0.0,1.531771947023355,0.0,1.7573342863555157,0.0,2.2283986691154007,1.8027147577104552,0.0,2.515636277143713,0.0,0.0,2.2490998238962305,0.0,1.5485125921905691,2.601634323042288,2.047874987133128,0.0,1.837409898778912,0.0,0.0,2.138114369979514,1.2978082657816905,0.0,1.3150880382935557,0.0,0.0,0.0,2.3447974027892444,2.076379711553898,2.014997901912332,2.7231609284883183,0.0,0.0,0.0,1.852997296730008,1.597948407974099,0.0,0.0,2.107782065939513,0.0,0.0,2.319513061159085,0.0,1.7208360004209828,0.0,0.0,2.2734652198749883,2.669697767977865,0.0,0.0,0.0,1.5058493482384507,1.984182748023575,0.0,0.0,2.2665899023903258,0.0,2.15306898324299,0.0,2.198818307361275,1.498351345610525,2.3637250859145342,0.0,1.781874598577377,2.1974996044006003,0.0,1.9850300343085048,2.1149272646592165,2.068053219828524,1.963016090744864,1.5672698902535285,0.0,2.5948123937017127,0.0,1.6162769211930563,0.0,0.0,0.0,0.0,1.9697225070219784,0.0,2.032788377652204,2.2267405359413943,0.0,2.282655431627439,0.0,0.0,0.0,0.0,1.931048913315938,0.0,0.0,0.0,0.0,1.7043638712695683,0.0,0.0,0.0,0.0,2.3167121229052943,0.0,2.3569040979713893,2.8322567103131746,0.0,2.0520498322888328,0.0,1.824802675877216,2.10644320493572,0.0,1.3779221344574628,2.037414510607335,0.0,0.0,0.0,2.1249068147766774,0.0,0.0,0.0,0.0,0.0,2.0850781589313616,2.258528416089668,0.0,2.0808930968651853,0.0,0.0,0.0,0.0,0.0,0.0,2.217697451319895,2.1094488739295523,2.4561295237992526,2.1061684432774377,2.0548689585626825,2.1622954415567817,2.68424474903234,0.0,2.3057622136835936,0.0,1.4872407114883404,2.103842460775042,0.0,2.0401951968515672,0.0,0.0,0.0,1.6216163981618512,0.0,2.3428131749570973,1.5889634443731817,1.5505633105619898,0.0,2.05558902291168,0.0,0.0,0.0,0.0,0.0,2.320854146710896,0.0,0.0,0.0,0.0,0.0,0.0,0.0,0.0,0.0,0.0,1.7950777392049406,2.1429627315495594,0.0,0.0,0.0,2.1699077424670805,2.3303396389032853,2.166645867411125,1.9919649149625425,0.0,2.0833754271023763,2.114798318539351,1.6804569099296347,2.553340207906744,2.0787065800890545,0.0,0.0,0.0,2.384544712137333,0.0,0.0,2.444993869915018,1.8020916196451136,1.3334549422535102,1.5070021271340803,0.0,2.0578329354738067,0.0,2.1762280438008585,1.750124246330636,2.0550401686765407,2.2973414037927835,2.2408386669689992,1.5587925148554622,0.0,0.0,0.0,2.5746825572552527,0.0,1.6157118406937856,2.028475358625356,2.2647354063880005,1.6739925629151364,0.0,2.6991829351804983,2.143794573305085,2.262380829664583,2.033077496691132,0.0,1.995652621108224,0.0,2.443285118488536,0.0,0.0,2.1991026190411964,0.9248429442071954,2.141124454672423,0.0,0.0,0.0,0.0,1.7617562579839408,0.0,1.4539328259505666,0.0,0.0,2.0308541148234567,0.0,0.0,1.6561817631576052,0.0,2.4411204904911954,2.1892249716403307,0.0,0.0,2.098979147049836,1.7365508385786577,0.0,1.912176692747783,0.0,0.0,0.0,0.0,0.0,1.7783073271167096,1.7855830513202005,1.4915393503400816,0.0,0.0,0.0,2.047749941875204,0.0,2.329337755177688,2.0374144475790485,0.0,2.2273256586608183,2.343149310501322,0.0,2.08010270168478,0.0,0.0,0.0,0.0,1.7017847105305546,0.0,3.2176943984249062,2.3385978912362204,0.0,1.1622062436931389,2.3922074760009275,2.2453710769661988,2.148505219796723,2.14162760380812,0.0,0.0,0.0,0.0,0.0,0.0,2.2084772583099186,0.0,0.0,0.0,2.295384905909969,2.0290742108502684,0.0,2.573871065290227,0.0,1.6797798568971944,0.0,0.0,0.0,1.4329570321292135,0.0,0.0,2.115815502806155,2.197884514494895,0.0,2.2821839969001965,2.2913775236144884,1.5273939686184757,0.0,2.497316557920588,0.0,0.0,2.1373522622616536,0.0,0.0,1.2892940121356251,0.0,0.0,0.0,0.0,0.0,1.8441351575808087,2.2791892383899177,0.0,0.0,0.0,0.0,2.437964073672567,1.760938811640331,1.865768753247609,0.0,0.0,2.477004441671113,1.8754400179196813,1.4535411089960213,2.263152329224811,2.0576729454834743,1.7771388271841753,2.0544259765503057,0.0,1.6517001464182153,2.076958943897888,2.2431820332887003,0.0,0.0,0.0,0.0,2.0847974545203987,0.0,0.0,0.0,0.0,0.0,0.0,0.0,2.1863501701440886,0.0,0.0,2.191199282296165,1.6881214609745518,0.0,2.412705044476557,0.0,1.5318999825959732,0.0,2.3480530769473136,0.0,1.8772901234816928,0.0,1.6726765002078978,1.449294442908613,1.307137838396494,2.4526900593875416,0.0,0.0,0.0,0.0,0.0,0.0,0.0,1.8099761570129864,0.0,0.0,2.155911533859363,2.427861806592404,2.043222249923064,0.0,0.0,2.6848528886817324,1.9016969763143885,1.6794786734465923,0.0,2.6383736638019952,2.5141403952852195,0.0,1.960936348875772,0.0,0.0,2.2677460845137243,0.0,2.0993769748682736,2.134934565386905,2.363832783364201,0.0,0.0,2.1759643870965992,2.1655752795218546,0.0,1.6400480245605145,1.9368276878801671,2.189495624790264,1.831365891583774,2.2563971970263,1.8419567184893293,1.4608280796098438,0.0,1.412845309817465,0.0,0.0,0.0,2.311616198909496,1.6608142323132176,0.0,2.383192116018722,2.252093221570952,0.0,0.0,2.121529754588558,2.3802815892247327,0.0,1.8171069595793536,0.0,1.2759996038079606,0.0,1.8171790661979697,2.1178520863206387,0.0,0.0,0.0,0.0,0.0,0.0,2.116477378668372,2.1982818452429345,0.0,0.0,2.069553567849898,0.0,2.073385131634612,2.282016636074493,1.3256548675362805,1.9456453390425943,2.0281893756077567,1.7368475624047413,2.173119552455689,0.0,0.0,2.1189656334403777,0.0,0.0,2.1552749800059865,0.0,2.3599075794143096,2.09858268146821,1.6405023925185431,1.9298475014368708,0.0,0.0,1.8592198825826785,1.3850812170629487,2.231325884102958,1.8041961767531545,0.0,0.0,0.0,0.0,0.0,1.0030248522369063,0.0,1.475457270892385,1.8118821530376945,2.3931593642751854,0.0,1.4327765559566008,1.975012920739596,0.0,1.3245064422468316,2.06074405681962,2.187496567157924,1.5987621897399478,2.038084372787208,0.0,2.104172049447542,0.0,0.0,0.0,1.8836346941099829,1.2979803126909113,0.0,2.1138605996840325,2.046522177065556,2.367737290185195,1.6401100373615547,0.0,0.0,1.8762997024210448,0.0,2.4119732614394582,1.5263748104469077,0.0,2.0879130081744623,2.3571409996580432,0.0,0.0,0.0,1.5222505195086729,0.0,0.0,2.247023474726072,1.6097218378473717,1.7421621465587576,0.0,0.0,0.0,2.2213088957610774,0.0,0.0,0.0,0.0,0.0,0.0,1.062214370213704,1.9937142440755085,0.0,0.0,0.0,2.151090864360772,1.8724334888290604,2.1079093067183683,2.057170848903696,0.0,1.7220678601195576,0.0,0.0,2.089642003314138,0.0,2.1860224300747984,0.0,0.0,0.0,2.0769432774751824,1.7744601149160737,2.9041724032532885,0.0,0.0,2.06977440568228,2.0890482896869607,2.327055706845675,2.0152017015781696,1.5107319321292163,1.9892715820613112,0.0,2.1165299798915247,0.0,0.0,2.44495913232111,1.7105170606983302,0.0,1.5444470929888028,2.14381407431484,0.0,0.0,2.0422388385828083,0.0,1.9720622380697737,0.0,0.0,2.12401442990525,1.7952045007448356,1.3956807464779697,2.503693599411322,0.0,2.04355984031128,1.6929905259564613,2.1491889392591785,0.0,1.7166434534449069,2.112019308581295,0.0,0.0,2.2829618453938614,0.0,0.0,0.0,0.0,2.213213547292092,0.0,2.0510490242511654,0.0,1.6469607408514966,0.0,0.0,0.0,1.6043828339540211,0.0,2.0601540407673906,0.0,0.0,0.0,1.6613687349941724,2.18681877970792,1.956076777757971,2.410893117405141,2.2795877720484103,0.0,2.153818669190663,2.336478007520898,1.6747956512002982,1.718723535926684,0.0,0.3203808289097573,2.0736299977426937,0.0,1.942863090116013,0.0,2.173745632490653,2.1542744539059475,2.130010828722734,0.0,0.0,0.0,2.3183690665597405,2.2324141111281053,2.225907981565008,1.875221009896168,0.0,2.488336211461477,2.3149518280086934,0.0,1.6260067414859978,2.3610508603515847,2.063079194843432,2.311946777782393,1.6049094834663389,0.0,1.557489308068789,1.6838148038991556,0.0,1.6809366542041528,0.0,1.5043636763503625,1.9407859949041133,0.0,0.0,0.0,0.0,0.0,2.096860396045187,0.0,0.0,0.0,2.2693071886663643,1.6881672663930292,1.6512467416527823,1.9190951091964272,0.0,0.0,0.0,0.0,0.0,1.4361238779036107,0.0,2.1731853273933868,0.0,2.2848902932685182,0.0,2.1833673873146062,2.505619395025264,2.267516764825975,0.0,0.0,2.023286615241671,1.3945019283094608,0.0,2.284875251457814,0.0,0.0,2.0866013864964925,2.006950965247384,1.965518054728008,2.2454315210662643,1.628466489168759,0.0,1.4333330120922214,0.0,0.0,1.7442350787513856,1.8184868817788449,0.0,1.558213908705579,0.0,2.226140361919623,2.0882680744002258,0.0,0.0,1.8936517211478097,1.6713759206365382,1.9071151778877151,0.0,0.0,2.498095751449484,0.0,2.0877893145004176,2.070201494104451,0.0,2.060144052062331,0.0,1.8592618975076345,1.7934340478211432,2.5390746947895733,0.0,1.7208057730593314,0.0,2.2065253711414687,0.0,1.80896332597469,2.11003037213143,0.0,0.0,0.0,0.0,2.5032264044690726,2.2545750282378845,2.05586361028066,2.146916713479037,0.0,2.0623680376969062,0.0,2.039686131015141,0.0,1.9999864957961733,0.0,0.0,1.5915879799931585,0.0,0.0,0.0,1.5934928095558123,0.0,2.1562948089388803,2.31395576253571,0.0,0.0,2.1781170291684533,2.0984551843641315,1.7732587676224794,0.0,0.0,1.6931631937981642,0.0,0.0,2.145697021876805,2.3404730913237954,0.0,2.703752858536589,0.0,2.144695890028365,0.0,0.0,0.0,1.7429559380963051,1.4294924301900611,0.0,1.7916085127068035,2.2054891318335543,0.0,0.0,2.1868911165785407,0.0,2.4198735529646083,0.0,1.204409374665166,0.0,0.0,0.0,0.0,2.2247550828862086,2.1037864415844774,0.0,1.311926657498771,0.0,0.0,0.0,0.0,2.3561148933593903,0.0,2.1730120989041417,0.0,0.0,1.6537565143198338,0.0,2.0369367693739493,0.0,0.0,0.0,0.0,0.0,2.4354348448274714,1.5302585299027842,2.156889623528884,2.067482313683948,1.8430958490303324,1.7099570856812325,2.0661240223270285,1.5319543418778352,0.0,0.0,2.050830701166976,1.687594787234172,1.9941793594414456,0.0,0.0,1.6906754145472658,2.3716602351544336,0.0,1.6373497395647003,1.5312476339909384,0.0,0.0,2.1218418837220976,0.0,0.0,2.1992884319212003,1.9232420988542387,0.0,0.0,0.0,1.5374255651859228,1.5630281554725018,2.573513381142537,2.03557838366905,0.0,2.0527709661141254,2.3334100815007046,0.0,1.307886809617172,1.9054987780268395,2.1384787977863366,0.0,0.0,0.0,0.0,2.482743421162397,2.403555509001086,0.0,2.037505742281009,0.0,0.0,0.0,1.7867345919743318,2.2767952152750315,0.0,0.0,0.0,0.0,0.0,1.746903668244361,0.0,2.4206832865108767,0.0,0.0,1.7115796897445077,0.0,2.054362563219208,0.0,0.0,1.8009708278910193,2.161304905781201,0.0,2.078480598238245,0.0,2.0674711971212574,1.7588106062357978,1.8461223200454588,2.057459453819036,2.1152928020482697,0.0,0.0,0.0,2.3860583169408818,0.0,0.0,2.2264691910592527,0.0,1.7466391724957866,1.4269901077383556,1.621665641211836,1.2943012122163249,0.0,0.0,0.0,0.0,0.0,0.0,2.0919526117444653,0.0,2.563569530465796,2.1007663622568664,2.291377375819339,1.4495640262918368,1.567207377442517,0.0,2.0997690312480257,0.0,1.3735936140096685,2.4299177465295507,2.108755709108564,0.0,0.0,1.7929655891780245,2.165920199404078,2.166786016432097,2.1337222961058884,0.0,1.8212799168435925,0.0,0.0,2.1165873020265864,0.0,0.0,0.0,0.0,0.0,2.0287798217885427,0.0,2.755419362744227,0.0,0.0,2.3281537332967663,0.0,2.1358611730178203,0.0,0.0,0.0,2.09194102766308,2.15119917560132,0.0,0.0,0.0,0.0,2.278016155294906,0.0,1.1845955237158097,0.0,0.0,0.0,0.0,0.0,0.0,0.0,0.0,0.0,0.0,0.0,2.11632812813839,0.0,1.803394033702833,0.0,0.0,0.0,0.0,2.1192419828637243,0.0,0.0,0.0,0.0,2.1727532456228302,1.82884959145172,1.7308768762873126,0.0,0.0,1.550097092773118,0.0,0.0,0.0,0.0,0.0,0.0,1.8374377349535649,2.4948796667552364,0.0,0.0,2.226127042523373,2.404211693936054,2.185479338923645,2.27702699288721,2.087974903668981,1.4829931731415886,2.1580010904915654,0.0,1.1779629294934464,2.3619534859883924,1.8366803019833524,0.0,2.305123420012896,0.0,0.0,1.9969952340494623,1.6337649898860476,0.0,1.921351506123424,0.0,0.0,0.0,1.6910539382532832,2.0887539931669945,1.8165110874703485,0.0,0.0,2.460311982003139,2.25079225206992,0.0,1.7083376194788218,0.0,1.2841341773757364,1.2821246007125129,2.295075708437588,1.868272848667344,1.534149977301592,1.9986057304451816,2.295971412492265,2.1017705144730083,2.394379776191043,2.0387828852500025,1.6073909765181518,0.0,2.0523026190969853,2.061955880767561,1.246971857917323,0.0,0.0,1.464154354498998,2.182129769119696,0.0,2.4208724036919245,1.600498717839376,1.941292252935324,0.0,0.0,2.269455862214957,0.0,2.238617913519518,0.0,0.0,2.2601713029906505,1.8327434783933283,2.166459615836178,0.0,1.5298476576869442,1.9508552415229383,0.0
WT1pKTS,2.0593116307838657,2.12135353031594,0.0,1.8952553191110093,2.1710426509750667,1.9731408440997773,0.0,2.037732420966448,2.2239216135475885,1.38773683612179,0.0,2.325894210863804,0.0,0.0,2.002629679345978,2.494898744340498,0.0,2.665767817255019,1.7045939374735142,0.0,0.0,0.0,2.1071909662073223,2.146638767420744,0.0,0.0,0.0,1.9845335683248584,2.137779725470513,1.8335526720775888,1.99899319514024,2.0519163670809344,0.0,0.0,0.0,2.00164073577716,0.0,0.0,2.465588366876763,1.5600244715815728,1.9430090703723693,2.36632407216541,0.0,2.4459419606429256,0.0,1.5276119056896655,0.0,0.0,0.0,2.100251029849068,2.055489302773715,1.4093561219541657,2.402780216155211,2.192329467829876,0.0,1.9287963246354791,2.191369168578404,1.7194460004306429,1.6974286650292716,0.0,2.1968254278828776,1.1778916723228434,0.0,2.0652474220323818,0.0,2.024465944620986,0.0,0.0,2.108703956486924,2.3477870373159178,0.0,0.0,0.0,1.832921995214032,0.0,2.2278593978568826,2.328605086028768,2.2221573320908337,2.1157394893720256,0.0,0.0,2.403145544678841,0.0,2.464239441261894,2.1528219512695626,2.068534597912388,1.557338142686084,0.0,1.7083743162515832,0.0,1.975633548531744,1.6994313429352237,0.0,0.0,0.0,0.0,1.9744581322198549,2.208991495609072,2.054443481408915,0.0,0.0,0.0,0.0,2.1445878927116326,2.162286937561726,2.055604105541876,0.0,0.0,1.9548983809984384,1.5798633050623616,0.0,0.0,1.6309953924699083,0.0,0.0,2.141458161122155,0.0,1.7865738105937825,0.0,0.0,1.7777215609735066,1.94346750335121,0.0,2.2003928431861084,2.099976538371818,1.1773449682151431,0.0,2.3967910147196467,0.0,0.0,2.6923778469241344,1.9818484836258583,1.3490416186426406,0.0,1.992909517521794,0.0,1.9422921862445988,1.9978808110878257,1.791666420071167,0.0,1.9788095458141373,1.4428193753216396,0.0,0.0,1.9664588946831976,0.0,2.0676891333912697,2.226162379361168,1.6259028752221798,0.0,0.0,0.0,1.9955533677279549,0.0,2.1727276392075847,0.0,1.7506197183103884,0.0,2.1054020106770768,1.7336404605962228,0.0,1.4656400472646718,0.0,0.0,2.0500441205816413,1.830793812133645,2.148202859798808,2.2619530260744383,2.0789343099310744,1.9251097751991773,2.1374547985215586,1.7385374466601002,2.433270802052533,0.0,1.856411749030385,0.0,0.0,1.9953695178634,1.656773933889086,1.963566796369688,1.5008530503752344,2.0714220055214105,0.0,0.0,0.0,0.0,2.3347709434647053,2.2795927281665764,1.8179595043510173,0.0,1.821540065469392,1.92058151352542,2.8244969977180188,1.7530362938830684,0.0,0.0,2.340976248730257,2.151697135366501,2.0884145069550306,1.8738759740260664,1.973960255489857,1.9973596036140948,2.7763515035786304,1.3744492409530258,0.0,2.116425080597612,0.0,2.2569415908256816,1.827830124023566,2.3324946988547883,2.146432641245001,0.0,2.32286499557104,2.0909124613803898,1.956232329568519,0.0,0.0,2.34900408844868,1.90769706774801,2.0777120688258104,2.3117245014783627,2.1588644354069,0.0,0.0,0.0,1.949548390591667,1.0795367905931972,1.9218619278942968,2.441623607940153,2.445194465651612,0.0,0.0,0.0,1.8432155379346828,1.9788903135942533,0.0,0.0,2.026623167372078,0.0,0.0,1.4291691390312835,2.2042132866901336,0.0,0.0,2.277759816231852,2.058868595184768,0.0,0.0,0.0,0.0,1.806220828033113,1.201967989172144,0.0,0.0,1.677173317010532,2.1154947957979484,0.0,0.0,2.374986366366433,0.0,2.5349062240535134,1.6061671218827671,0.0,0.0,1.9432601415455444,0.0,1.133024187498595,2.337598108040405,2.3806943002406737,1.9355987324553192,1.6184764315743865,0.0,0.0,1.8851802690889683,0.0,2.030646810118532,2.045156946935197,0.0,2.409884080127976,2.25440892268733,2.360618377464885,0.0,0.0,2.0761618839243168,0.0,0.0,0.0,0.0,2.257095885323515,0.0,0.0,2.35073553931927,0.0,0.0,2.4941993496147843,2.1073316541837084,0.0,1.9106951944661943,2.094444848213424,0.0,1.8529888646451853,0.0,1.7007219418592934,2.0332379512413823,1.7015357650235503,0.0,0.0,0.0,2.3141353786675274,0.0,2.261978547967012,0.0,0.0,0.0,0.0,1.6675010766565728,1.714782470657119,1.4745011265647927,1.3402148500546056,2.027435331221419,1.9517511661334983,0.0,2.137995285635092,2.0189939850397183,2.177710902896536,0.0,0.0,0.0,0.0,0.0,0.0,2.1825387223371053,2.2355190625822137,1.9815822043901088,1.6950048790960628,1.9255922019352585,0.0,2.1125920631314328,1.3230443157368497,0.0,0.0,0.0,0.0,2.0408274042110577,0.0,2.0632789429569423,0.0,2.037637830298832,0.0,1.4224534959680206,2.408704984595998,1.9811419124485088,2.1126079466587,1.7473999729011749,2.2697151389248176,0.0,1.4746441929856722,2.016668260377992,1.4549663018472432,0.0,2.1129132219345195,2.028333274128971,2.1100631447359564,0.0,2.160923513443912,1.7186942023015386,0.0,0.0,2.2383823837358507,1.7394070989213428,0.0,0.0,0.0,2.4033534939102545,0.0,0.0,1.985873354518904,1.5959476275520563,0.0,2.2447260219455085,2.017140598394912,1.8157161243806133,2.179275452460085,1.59008284667611,2.1338061062179587,1.653951525946222,2.3160140016618413,2.2926065159093474,2.3738805200204216,1.9264953534053124,1.6505983461046438,0.0,0.0,2.3619809935296145,2.340327744812351,2.2336961076643664,2.0998198462117834,0.0,1.964542380115732,0.0,2.2417080916284573,2.304763995322791,0.0,2.0305821190695816,0.0,2.0915742158869017,2.1429106613687225,1.9723819984561592,1.5371431914740634,0.0,1.6076712825554365,1.3163802854677171,0.0,2.397933741288546,1.9572394275529936,1.9839346846216204,0.0,1.8858018741445148,2.4938638163996747,0.0,0.0,0.0,2.4978053322280616,0.0,0.0,0.0,0.0,2.025085419157404,0.0,2.195128571292752,2.1746629293313315,1.913344923134544,0.0,1.4954385890489812,1.9835390487689009,0.0,2.065727717173797,1.5192403739575346,0.0,0.0,2.315153754874536,2.176355395790851,2.4403942785723167,2.462181256415244,2.0482037577172125,0.0,0.0,0.0,0.0,0.0,0.0,1.5494134374582889,2.1232724223012256,0.0,0.0,0.0,0.0,2.0432470368301083,0.0,1.7403834326037737,2.366196091510841,2.2338630918241686,1.9768925914414688,2.329911284125371,1.9694694503629588,1.8144701009950943,2.120414920670136,2.271146486001495,2.142562717198204,0.0,0.0,0.0,2.1517255454085467,0.0,0.0,1.973824556979408,1.491350630963532,2.7002100597626257,1.9662408751988685,0.0,2.353839737064856,2.0877817193701595,2.47639996162291,0.0,2.4713273948031547,2.4420469239418945,0.0,1.270999759313535,2.3187343487730656,0.0,0.0,0.786843684711946,1.5723804969544284,1.3904907376558804,2.08118717178598,1.9653682062888875,1.7608603963326337,0.0,2.2120151771080243,2.070447384969348,2.0294297857954167,2.101285118598839,2.4608020271241826,1.3012644947782597,0.0,0.0,0.0,0.0,2.2214896052890776,2.156920077837915,0.0,2.0300657046847213,2.4736010480264543,2.0744391435727048,2.142990111463396,2.3745918689444045,0.0,0.0,0.0,2.0998953651079533,2.4078803497013666,2.1624355941006894,2.2132427719435297,2.0579762163136768,0.0,0.0,0.0,0.0,1.944435348192096,2.3764649171845766,0.0,1.336046729493531,0.0,2.244746384624304,2.2744099874620427,0.0,0.0,0.0,2.1325205120981137,0.0,0.0,1.8581841441080604,0.0,2.1925643669603607,0.0,2.507162931496133,1.4587189085994678,0.0,2.2369006382840206,1.711319499854863,0.0,0.0,2.253242559506745,0.0,0.0,1.4416122332729884,1.9932977573727744,0.0,2.195467688610001,0.0,2.043210077592909,0.0,1.8964322718479067,1.360510922495278,1.4566065072912708,0.0,0.0,0.0,1.8264192869965457,0.0,0.0,2.09108714631594,0.0,2.043574687142737,0.0,1.5586545079158272,1.7632703794919098,0.0,1.9632137416740547,2.4552158201344847,2.1729413604621373,1.6446050360791322,0.0,0.0,2.4977175102711966,2.2745799559311566,0.0,1.7015630256873333,2.232406249052524,0.0,1.698862118103884,2.1546724920773968,0.0,2.3168476735478123,2.456524653856104,0.0,2.397687380972644,0.0,0.6760182937868755,3.167982263676996,2.157862316420492,2.152046767213248,0.0,0.0,2.1803954936921053,0.0,1.3939244858223303,2.2953029421864093,2.200646501988328,2.191422342283216,2.7078967311771542,2.0915243066675435,2.3002111507712444,1.9779408229304791,0.0,0.0,2.1313559602744943,0.0,0.0,0.0,2.166024512907196,0.0,2.30541921719996,0.0,0.0,0.0,2.25541198645968,0.0,2.0282814764220163,2.0887176232846185,0.0,0.0,2.147128617605083,0.0,0.0,0.4801556377103269,1.6889361175286963,0.0,1.7873960938546225,0.0,1.9625933443324928,0.0,2.051911021240121,1.8654509970728177,0.0,2.715218450176621,2.17981221292304,2.080514452758188,0.0,0.0,2.2867444923766813,0.0,2.025336860689496,0.0,0.0,0.0,1.9038632306360213,2.028203412877803,0.0,0.0,0.0,0.0,1.4804426470763008,0.0,1.8555403289757355,2.0993444646791537,0.0,0.0,2.282677018388252,0.0,0.0,0.0,0.0,0.0,0.0,0.0,0.0,0.0,0.0,2.6152038570190683,0.0,2.1051719013744536,2.2748439368695803,2.436399633952386,0.0,2.2531387867532726,2.3914900330170803,0.0,2.5888233835988403,1.4958463372231652,0.0,1.314352914444867,2.6133746993172107,0.0,2.4022595919123333,0.0,1.984960190283089,2.1618476083513305,0.0,2.1920347142045555,2.4062963540911984,0.0,1.5348547089744695,1.5337600718471989,2.132033581532878,2.1779534518902883,2.169449891972885,0.0,1.9908844739439304,0.0,2.2354878864488605,2.0698263545438875,2.4553541410889395,2.1864212221616963,2.18055998915146,0.0,0.0,2.1052485293280725,0.0,1.7276962861695475,0.0,2.7184049438489333,0.0,1.8463194941596088,0.0,0.0,1.951111362956976,2.955367422689533,0.0,2.352114225715217,0.0,2.461821396614808,0.0,1.5229000922001454,1.6407275264309344,0.0,2.095492699288454,1.9747210679187472,2.0859406239725007,1.6939223265124006,0.0,1.7107095023406909,1.9916769845956936,0.0,2.351005618073892,2.3432497191796937,0.0,2.080504844692696,0.0,0.0,1.453972618987765,0.0,1.4785170569946935,0.0,1.9919867985352235,1.2513743021454062,0.0,2.0753005799458,1.286765932526579,2.070172028387592,2.1881203604970687,0.0,1.7050871517380906,1.7634506274949653,2.153062143582116,0.0,1.841050384229684,2.1584365960493046,0.0,0.0,2.08233587672657,1.960046841417372,2.5489863508833754,0.0,0.0,0.0,0.0,0.0,0.0,2.055300633201901,0.0,0.0,1.3992462234276994,2.264556636289559,1.6067902750310772,0.0,1.989930420020284,0.0,2.6109184157172987,1.7530090187068323,0.0,0.0,0.0,0.0,0.0,2.1678508350837906,0.0,2.097969969714537,0.0,0.0,0.0,0.0,1.7013286543212802,0.0,1.7074401343019665,1.7305854300878831,1.9779420642969257,0.0,0.0,1.1361416697212614,2.1338877797971283,2.0154952295610564,0.0,0.0,0.0,0.0,1.9586071375932368,2.1063270895787096,1.6024659005295163,2.0606423336620883,0.0,2.0126597372042028,2.18365659702122,1.747183737641407,0.0,1.5757160897281008,0.0,0.0,1.569429510850146,1.2146226119814298,2.2249766019304533,0.0,0.0,2.52070692577908,2.190367112534008,0.0,2.20407567853733,2.226978309357168,2.3892724901026106,1.9886992901698308,0.0,0.0,0.0,1.3853523286725071,0.0,1.5936318370910736,2.1755736263643044,2.347673015215788,1.8061258120736183,2.9226765066332727,2.09234253322266,2.1907399087027177,1.8071671748079887,2.2892174386952147,0.0,1.3756473129833606,1.5326971154992903,0.0,0.0,2.5495318749581948,2.023757999235312,1.636376305255378,2.1738039450060844,0.0,2.0735610928305683,1.998890853829992,2.1398916003107544,0.0,2.227764280523268,1.5659458189922288,2.4203768036028417,0.0,1.7562315942451878,0.0,1.9351789640805084,0.0,0.0,0.0,0.0,0.0,2.0189744715003144,1.6224107192640962,2.1103775000941853,0.0,2.086846111845829,2.035554490232088,0.0,0.0,1.6968572517002354,2.5080098499857493,0.0,0.0,2.107267113066653,1.9600236418964367,0.0,1.870652688488632,0.0,1.6207772984623077,2.2503437394541,0.0,0.9972378190116098,2.016011934140984,1.933980388360164,1.7456118370339415,1.424533297310283,1.8390343484715024,1.983525600758604,2.000032083583427,0.0,0.0,0.0,2.283869547873754,2.273737501826461,1.6305677801449994,0.0,2.518291537078979,0.0,2.189778263495043,2.1139656109659963,0.0,1.5593105578289317,2.0155609361963416,1.8977489406066608,0.0,1.8319436261498565,2.095805078094537,0.0,0.0,1.9077676634543288,0.0,2.1603666759315723,2.022895983110893,0.0,2.104267749077105,2.583789923177734,2.1892150146398404,1.7446517108061093,0.0,2.0246492122471063,0.0,0.0,2.4008558740136885,0.0,0.0,2.1668549756966584,0.0,0.0,0.0,0.0,2.227738725309268,2.122416033388004,1.7828327614644055,0.0,1.6513646776536162,1.7183743269370668,0.0,0.0,0.0,1.6879106130797117,2.202891345426405,0.0,0.922310898763906,1.493312115894861,0.0,2.1788711501628963,0.0,2.0446956300650494,2.0849585315148644,0.0,0.0,2.484548933762845,1.962423975732752,0.0,0.0,1.7107969990338745,0.0,0.0,0.0,1.285422416120504,0.0,1.7767169058298875,0.0,2.109574269785828,2.203335481626562,2.135647994316168,2.163435199925758,1.6878874239356072,1.684729862169585,0.0,2.0494514147447984,2.007792273703146,0.0,0.0,1.6841587335889971,0.0,0.0,2.374226399494395,2.1875287301541504,2.0889599749556123,0.0,0.0,2.383835565049525,0.0,0.0,0.0,0.0,2.0160031409460486,0.0,1.8794657180940548,1.4411896712276069,0.0,0.0,0.0,2.5276317671493067,1.9452964761206608,0.0,2.034244382821272,0.0,1.9621054268426257,2.0241763001051867,1.4201237039710477,2.0826935472863424,1.7170021338276085,2.280891087675572,0.0,0.0,0.0,0.0,0.0,0.0,0.0,0.0,1.9923672920437745,2.642417269942664,2.6999463410179563,1.6939348453307708,0.0,0.0,1.898304801351248,2.0469374447316087,2.2562353649437,2.7596886242344025,2.150288200199124,1.995423964121388,0.0,0.0,0.0,1.2758030987156708,1.853379546793412,2.1727957589174296,0.0,0.0,0.0,1.496947376567367,0.0,2.1401322377912444,1.587567108789019,2.245306092238843,2.300828367482983,2.44748753110382,0.0,2.1870632661223697,1.738949509811761,1.6197187088434235,2.182650633386029,1.5781196461617562,1.496266002397041,0.0,2.9778239354478355,2.157338749390774,0.0,2.2937265078133056,2.1946200102404627,1.9746981630329208,2.5831222910127,0.0,1.5600466171507914,1.613823635248136,1.9925656955871984,2.1464029279938845,0.0,1.9930492251381609,1.961279030239533,0.0,2.0633649715616182,2.4857163657510544,0.0,2.208983234036675,2.1618817672741963,2.2385019740475705,0.0,0.0,1.9683239387963447,1.9956831191053,0.0,1.9238938488185653,0.0,2.0455864356982443,0.0,2.0293969760366384,0.0,2.0726620733168946,2.06125375829424,0.0,1.887753429181516,2.0099139371234744,0.0,0.0,1.597534416540001,2.0227608869190923,0.0,2.231790668071909,1.9743270427259327,0.0,1.7315614270432609,1.2030382368488477,0.0,2.26742727346648,0.0,1.7081946969806343,0.0,2.0529069466741108,2.118177228163076,1.38004823319083,0.0,0.0,2.1041710114234657,2.4168806959810056,0.0,0.0,0.0,1.9986980754120809,2.121682830855527,0.0,0.0,0.0,0.0,0.0,2.0304569483500106,1.6626673394519107,1.957274293908022,0.0,0.0,0.0,2.2726575868387777,1.8148079638175,2.0279491900560034,0.0,0.0,2.018995422027067,2.12587913414678,2.8258790895690025,0.0,0.0,2.067673656413896,2.4746189972813704,2.0243443591081243,0.0,1.989456823706392,0.0,2.0264181435708206,1.57255921201338,2.088965779733441,0.0,0.0,2.9485145458410846,1.9526291666421376,2.0434414887072907,2.1313910452589657,0.0,2.1939429627090625,2.2779565587918773,2.2524573220240973,2.1862034143960947,2.1905769020273973,0.0,0.0,1.4434079689367076,2.1391182175618164,1.4983223078638326,1.2423894286330852,1.7952631195066078,2.1708360401363564,0.0,2.0580502534827,2.1231356842281843,0.0,0.0,0.0,1.988691072286848,1.9862001082157887,1.8943757387972364,2.0334228256881275,1.4064810442204687,1.5908497069115546,1.6304314818311745,2.0288162453975818,1.9663178538840969,0.0,0.0,1.6319586377912634,2.1793789777632298,0.0,2.2694011337600384,0.0,2.218304766697884,1.9217150552890687,0.0,1.6044060771448017,2.485667224318146,0.0,1.9444452150093443,2.5591799986343142,0.0,0.0,1.745015512660046,1.9757992592574023,1.957157234116276,0.0,0.0,0.0,2.1934720150152742,0.0,1.9120011359105185,0.0,0.0,0.0,0.0,2.0432732215175777,1.862515689706832,2.0268049903169927,2.2711966680893223,2.0091539969330063,0.0,2.055651819115505,2.0998468701066053,2.2549662838699858
