Unnamed: 0,E761_738,E1575_752,E1551_145,E1713_251,E55_622,E1196_416,E376_646,E1061_464,E1804_320,E1786_429,E431_127,E1723_107,E1229_157,E1948_29,E102_122,E1598_486,E276_133,E1245_593,E1089_418,E503_364,E1443_602,E1118_692,E1985_209,E1264_107,E1325_106,E449_778,E1572_314,E1728_200,E1261_709,E1662_255,E1097_776,E1359_276,E1885_1,E1319_567,E1846_28,E4_410,E861_400,E1350_462,E1920_417,E865_137,E1643_637,E839_404,E1226_589,E577_161,E979_798,E1515_693,E838_685,E532_167,E1046_361,E1100_244,E922_734,E1779_725,E1839_448,E559_54,E169_73,E1294_433,E1847_366,E666_691,E1096_419,E1490_421,E494_425,E1200_507,E579_522,E1251_325,E1084_133,E11_102,E482_324,E1517_70,E231_144,E1480_91,E1192_66,E359_19,E1478_372,E1691_338,E1474_246,E1343_648,E1447_543,E1156_452,E997_592,E1907_194,E911_173,E454_67,E353_368,E467_78,E1456_433,E1760_72,E1009_62,E892_597,E703_353,E1622_473,E375_343,E1464_307,E368_607,E1820_172,E295_425,E226_485,E1912_200,E1931_80,E1358_623,E725_371,E1205_138,E567_162,E332_188,E1522_625,E952_443,E973_155,E1190_219,E845_663,E1970_22,E1410_11,E493_336,E1276_476,E1446_79,E185_572,E1995_365,E1220_545,E1939_85,E1059_200,E345_735,E1124_664,E682_664,E1842_457,E10_752,E667_792,E1550_170,E1982_756,E802_733,E953_178,E57_181,E245_145,E736_515,E616_313,E1238_72,E1904_179,E1170_110,E1648_107,E109_203,E1361_721,E1077_733,E1030_513,E713_751,E549_223,E243_541,E38_160,E1593_454,E1233_543,E1034_441,E408_311,E813_787,E880_447,E537_642,E39_789,E1730_625,E1152_726,E1894_171,E47_79,E81_764,E938_415,E1263_284,E640_453,E1468_214,E562_357,E1807_562,E1623_641,E596_560,E1241_183,E424_484,E1544_300,E1587_380,E634_679,E91_178,E547_151,E1219_751,E1596_525,E101_789,E1745_72,E1401_396,E1282_685,E995_421,E1937_526,E531_475,E1247_641,E1657_621,E1756_174,E175_645,E605_619,E987_184,E1115_341,E1157_744,E1026_569,E358_664,E1763_42,E269_424,E1964_794,E1617_164,E752_332,E206_509,E1451_579,E1458_236,E422_25,E1487_696,E1058_103,E1949_169,E679_543,E1333_509,E1672_296,E587_213,E621_760,E1562_735,E1095_190,E1353_84,E1045_474,E1528_188,E1301_565,E1477_464,E418_333,E1881_673,E153_142,E1286_604,E1665_634,E340_112,E732_613,E396_531,E583_52,E1187_326,E1589_680,E462_674,E1667_5,E150_590,E472_533,E927_771,E46_530,E1425_472,E1244_506,E1212_158,E1373_546,E400_432,E765_703,E595_570,E152_396,E1497_367,E1590_114,E261_128,E727_757,E777_75,E851_657,E832_585,E1031_129,E1736_472,E1266_388,E155_305,E193_179,E947_149,E847_711,E715_193,E350_299,E1886_249,E680_233,E1837_228,E430_605,E320_142,E33_791,E1942_443,E881_189,E1887_141,E34_211,E603_224,E1925_9,E5_128,E633_723,E719_57,E127_301,E741_118,E1249_183,E545_487,E516_765,E825_726,E1429_121,E1795_351,E305_22,E677_620,E1543_602,E474_10,E1963_26,E426_656,E296_711,E436_450,E917_640,E1927_563,E795_82,E534_395,E1933_190,E964_244,E108_209,E246_791,E371_446,E116_210,E931_767,E852_104,E1520_198,E12_506,E575_82,E1586_511,E1297_642,E232_445,E113_280,E1380_366,E1399_6,E593_587,E906_645,E612_196,E1875_639,E307_27,E742_743,E597_657,E867_205,E1104_632,E618_327,E35_230,E722_81,E31_442,E1503_149,E214_145,E1317_283,E1507_259,E1789_738,E1877_414,E391_519,E1548_661,E1675_205,E806_463,E342_696,E967_627,E1630_516,E1231_278,E711_178,E528_342,E1384_246,E564_593,E420_497,E976_415,E1203_558,E270_131,E1849_89,E1345_632,E1287_563,E1716_721,E263_796,E1295_504,E615_418,E822_429,E1011_374,E251_744,E1036_47,E900_521,E1835_20,E678_238,E1990_687,E1533_426,E1776_337,E578_321,E278_298,E13_22,E785_186,E891_142,E1754_557,E1882_188,E144_504,E747_101,E697_763,E266_671,E429_462,E1629_541,E36_745,E1114_610,E631_565,E1406_204,E1396_539,E8_318,E117_372,E926_675,E319_481,E670_666,E1270_734,E1405_14,E1149_206,E1527_211,E1971_221,E1308_575,E1376_422,E1642_73,E1873_276,E277_672,E1500_566,E1604_73,E208_456,E479_527,E1414_161,E423_424,E508_330,E1003_2,E1809_364,E1449_191,E1559_256,E1415_722,E619_128,E1113_479,E701_352,E415_428,E748_158,E1499_737,E1913_349,E1385_402,E882_608,E558_72,E1889_123,E1374_639,E66_585,E660_155,E98_326,E1342_661,E1162_609,E1087_755,E651_8,E1685_720,E289_720,E1992_473,E936_405,E54_446,E93_10,E115_415,E19_174,E147_60,E1866_548,E181_354,E258_26,E1668_203,E281_131,E351_622,E899_770,E105_372,E14_118,E685_655,E373_708,E937_465,E1071_428,E1102_197,E48_26,E611_414,E1473_769,E1743_207,E1919_753,E1283_9,E1012_56,E257_744,E1781_391,E749_747,E524_299,E1628_687,E1567_522,E495_301,E1120_139,E487_159,E425_274,E744_564,E1918_102,E1718_718,E889_591,E790_740,E1434_109,E828_462,E754_66,E321_793,E1307_217,E1924_447,E461_302,E1389_360,E515_437,E298_60,E1002_426,E1382_594,E623_427,E438_468,E247_518,E1444_465,E250_734,E994_73,E1916_306,E878_502,E1392_13,E32_67,E1940_5,E816_553,E846_498,E37_563,E1015_307,E502_103,E718_289,E85_575,E1962_66,E499_352,E1638_571,E293_553,E573_595,E180_348,E622_51,E1158_767,E1254_540,E1747_764,E99_411,E664_758,E1514_368,E909_683,E1844_667,E848_547,E166_417,E607_70,E1851_257,E916_707,E1592_542,E1242_437,E1664_488,E1395_778,E810_301,E1865_60,E1871_116,E541_631,E1482_12,E1541_243,E65_762,E1155_252,E1535_739,E1289_243,E1635_54,E488_377,E966_338,E886_496,E671_264,E1519_124,E130_257,E588_39,E473_503,E1986_280,E1460_381,E1235_377,E1378_368,E1761_44,E873_168,E1439_664,E720_435,E1989_193,E1692_457,E292_547,E874_468,E1788_513,E89_642,E1988_180,E1140_652,E1476_24,E326_598,E202_44,E1908_200,E1479_11,E223_598,E1867_594,E539_482,E445_560,E1936_772,E1775_465,E1870_675,E334_338,E1246_761,E1772_444,E362_12,E259_206,E1450_355,E509_24,E336_425,E139_554,E1470_26,E310_376,E308_276,E903_225,E131_319,E1658_238,E779_399,E1016_613,E584_491,E1498_343,E140_778,E1704_46,E1136_450,E1163_235,E1085_425,E265_43,E1523_474,E1929_40,E1225_318,E1068_326,E200_702,E1815_313,E145_775,E1975_223,E1740_481,E686_158,E491_340,E1218_612,E1144_535,E260_336,E957_5,E191_493,E1792_179,E1366_518,E1062_170,E1214_258,E64_387,E1293_637,E1042_451,E335_214,E1771_528,E934_66,E1312_352,E914_390,E1660_696,E1822_71,E1821_681,E1346_121,E1861_41,E1147_422,E1215_650,E165_310,E569_558,E1014_291,E553_222,E78_30,E1663_684,E143_40,E1552_750,E390_323,E990_716,E548_209,E403_683,E419_425,E100_137,E1557_665,E486_537,E215_447,E397_78,E455_524,E303_374,E282_520,E1872_692,E1280_187,E796_467,E1969_271,E227_441,E982_776,E1336_737,E470_641,E778_789,E1534_80,E1611_634,E1922_363,E172_165,E560_430,E723_517,E1834_724,E1298_791,E297_30,E1328_636,E1459_278,E1531_28,E1504_397,E71_702,E925_248,E1974_301,E624_739,E1670_313,E189_673,E1502_478,E665_11,E122_774,E187_786,E70_245,E1808_291,E522_332,E128_628,E459_609,E367_713,E1265_595,E829_660,E413_361,E1876_224,E441_772,E30_153,E75_405,E1416_426,E1197_742,E1722_571,E774_408,E1082_5,E1404_653,E1081_540,E1615_355,E1787_710,E820_562,E858_571,E835_262,E1209_129,E1707_194,E1710_325,E18_714,E527_451,E690_402,E876_474,E1686_140,E235_335,E1540_174,E1751_279,E77_69,E1584_174,E662_645,E866_642,E1725_693,E28_254,E198_624,E895_218,E1806_266,E234_156,E804_125,E962_228,E338_605,E1620_257,E132_494,E173_299,E1568_308,E1252_595,E68_378,E984_234,E346_694,E434_138,E312_335,E1165_605,E688_253,E552_435,E1793_647,E1445_373,E174_191,E288_63,E1134_191,E190_475,E240_539,E912_445,E444_181,E708_567,E673_113,E1067_348,E924_7,E1719_415,E1896_79,E1440_383,E192_117,E249_220,E1632_35,E602_259,E1947_787,E1258_171,E1306_498,E913_192,E823_317,E844_570,E975_313,E160_554,E1467_607,E657_139,E968_279,E120_316,E1126_318,E280_222,E331_538,E1556_92,E1874_554,E955_485,E256_205,E894_552,E1125_157,E745_277,E201_645,E1411_637,E1397_788,E1852_209,E897_16,E86_94,E1132_719,E163_64,E1268_512,E613_474,E1093_552,E1273_201,E1017_669,E123_137,E1864_476,E29_221,E1755_560,E325_746,E440_665,E339_781,E1466_530,E299_157,E442_429,E763_646,E1465_378,E963_595,E1998_231,E1431_508,E151_526,E896_172,E831_247,E255_85,E195_72,E738_454,E824_181,E171_292,E610_387,E1741_298,E1326_532,E1131_604,E1640_755,E1024_772,E1072_385,E254_3,E1175_70,E176_502,E1135_540,E45_231,E1734_348,E1602_751,E989_377,E1432_526,E354_736,E1706_615,E1199_73,E1291_649,E1101_324,E229_115,E521_62,E23_617,E1381_137,E1759_313,E364_322,E1684_322,E728_290,E1185_312,E996_612,E1765_712,E490_55,E1944_323,E1260_246,E327_313,E1733_482,E1020_450,E1182_242,E427_156,E1363_192,E704_661,E465_314,E1368_666,E1703_472,E7_36,E432_611,E1193_264,E769_408,E1956_375,E1339_774,E676_512,E1275_267,E1973_280,E687_663,E1032_790,E1292_120,E1538_223,E1569_541,E1417_752,E1174_383,E343_333,E872_691,E919_252,E360_369,E1166_35,E1001_235,E757_590,E1070_638,E731_710,E1159_752,E1427_777,E1715_733,E72_489,E279_642,E1316_193,E1659_317,E1768_569,E1240_313,E1574_287,E118_168,E40_158,E632_82,E1160_311,E1257_306,E1521_74,E1802_241,E453_375,E1375_395,E379_175,E1022_553,E692_644,E355_635,E818_544,E1749_338,E775_140,E221_191,E1323_461,E986_483,E910_357,E893_705,E435_115,E380_46,E1341_294,E1426_354,E1047_365,E1184_772,E1824_621,E356_338,E1588_728,E1041_776,E1595_715,E1677_274,E1577_484,E1337_476,E762_346,E1076_651,E1150_236,E1757_488,E407_492,E1721_239,E606_48,E859_481,E1560_440,E1441_484,E817_149,E59_301,E1906_31,E384_340,E301_383,E695_511,E74_542,E237_156,E1671_393,E1661_267,E1088_613,E1612_166,E219_705,E24_5,E1202_333,E1501_305,E1179_234,E901_577,E1655_70,E1518_738,E1777_745,E842_317,E347_634,E1436_359,E16_531,E1418_628,E1377_373,E1960_779,E908_77,E821_305,E1078_612,E1008_790,E1107_710,E1735_393,E84_637,E781_338,E529_298,E1496_665,E44_281,E1810_793,E1027_660,E1344_426,E184_727,E1641_536,E1122_655,E1035_233,E1271_343,E1109_191,E1057_711,E1694_730,E1878_314,E63_21,E1028_465,E1412_760,E501_94,E1814_430,E111_332,E1379_197,E314_192,E1928_504,E1309_267,E589_744,E399_247,E213_431,E170_11,E283_282,E20_480,E1050_261,E1198_498,E1825_725,E758_737,E696_271,E935_375,E525_148,E428_314,E1243_474,E1227_500,E1683_300,E414_323,E939_279,E460_559,E1748_391,E1696_342,E969_175,E349_257,E794_353,E850_426,E1051_653,E1943_281,E625_705,E1800_594,E1766_293,E590_670,E594_713,E182_452,E233_601,E1320_241,E1269_762,E784_436,E760_511,E862_591,E210_425,E1137_447,E585_688,E1230_280,E405_293,E959_217,E238_523,E1999_50,E1855_52,E383_300,E69_578,E197_666,E764_456,E570_225
AMH,2.2989897301982007,2.0692030167692788,0.0,0.0,2.6685836165233288,0.0,1.8781675397418631,1.4492133770460005,0.0,0.0573885056238213,0.0002260670452635,0.0019186716024873,0.2057166448393904,0.0,0.0,1.1001312621898849,0.0,2.2178130440956587,0.0,0.6218788700747756,2.324542086091582,2.257181287254491,0.0,0.0,0.008638175976894,2.440530544643557,1.4185214930002217,0.0468345755170969,2.1994856723385467,0.0,2.5320864378816115,0.0,0.0174917248410999,1.2859694687778018,0.0361228664691271,0.8533498298397044,0.0892824549340672,1.6650673865843926,0.0126019400628613,0.0,2.0405863519594423,0.2739045143236773,2.434360271044933,0.0,2.0207999238662344,2.0829865872865225,1.8468401244966253,0.0,0.0,0.0,2.3808544899778927,1.9923897231192909,0.5116643161189428,0.0254931301553606,0.0132510313713282,0.0,0.0,2.5222242772388226,0.1324202676626082,0.0029048022901562,0.0,2.3232113480067778,1.0852469331059804,0.0,0.0007733973208798,0.0,2.094022522365957,0.0179335017794618,0.0,0.0075687494175788,0.0100593768018842,0.0,0.0,0.0,0.0,1.641068776422406,1.872318314602877,1.8001840738158734,2.4334239798891955,0.0056265563038319,0.0,0.0,0.0,0.0,0.2996623160664711,0.0,0.0,1.949688207475076,0.0,0.0,0.0,0.0,2.098075385937584,0.1267747431592211,0.1495180317657164,1.1024726024406717,0.0,0.0,2.0833997238951887,1.7514874282070498,0.0362732858744247,0.0091328954331459,0.0,2.5357027332646283,0.0230799155315693,0.0,0.0,2.822464650506135,0.0065343849422989,0.0,0.0,2.2104756045877423,0.0,2.4303457445181373,0.6335876474364613,2.558955620569181,0.0028782011657584,0.0,1.9144216313522169,1.4660698944715436,2.2465175525487933,0.2949213173372313,1.8766429509269305,2.440525476568417,0.001493154588132,1.996652301709688,1.851890216892068,0.0,0.0200219536783977,0.0049668177480631,1.9847630054826115,0.0177812295687053,0.0,0.0,0.0,0.0220988554126739,0.0020980606105784,1.957946116182233,2.0888116589066628,1.3471219586499996,2.354269126675318,0.0,1.2313120205029382,0.0,1.9536977882577649,0.1715214296621095,0.937184410603878,0.009510828774358,2.3565324869186006,0.0,2.0860227889703413,2.3145867560779485,2.3196099694372507,2.016097507202669,0.0,0.0002282500984881,1.6074409283511573,2.70056353061444,0.0027225656105074,0.7965825961603582,0.0,0.0,1.4432706628242549,2.184889510710044,1.9572645420977155,0.0,0.5042792753498575,0.0010067399996671,0.0,2.266076047049113,0.0,0.0,2.2959480415028333,0.8584711677120082,1.2906868691866722,0.0,0.0,2.764020461898573,0.3809904417157084,2.5876012333916223,0.0,2.249486822171709,1.475641967153651,0.0,2.014724585496578,1.8649154466333224,0.0,0.0009483563294508,2.2774346940436936,1.6904620024685495,2.1920550498011004,0.0,1.7694773602114646,2.3073251009733884,0.0142993795697296,0.0,1.7189032145354015,1.3391937368870652,0.0,0.0,1.5068500988087783,0.0043536474037521,0.0096578798442163,1.3872117192491311,0.9247005399020958,0.0,0.0,2.2533417864920136,1.764157646933424,0.0,0.0,1.373228537377107,0.0119832646790916,2.2904500361405327,1.335967786585146,0.00284373518717,1.8513836165560005,0.0,1.6385148004602432,3.2466568717334776,0.021308307742194,2.7372899872144574,2.625459168540437,0.0,0.0034047078797916,1.7461678813641996,2.2588377106180024,0.0,1.781320194282047,1.8186111237137712,2.2181402820425684,1.778524423737904,0.4115495172453336,1.8474024393486577,0.0063596076883801,2.6861536355169062,0.9431099062800192,2.0586126275248726,2.1304994165751063,0.0,0.0,0.0,0.0,2.4415039874177618,0.0,1.7773684873179678,2.3424040379969147,0.0020469431913425,1.367999478475724,0.0024421042032676,0.0,0.0,0.022091052494727,3.0593720234899267,0.0,0.0432225667534175,0.0,0.0,0.0612301276501733,1.9865250412484023,0.0,2.242549835194849,1.8142484748043093,0.0124797718492509,0.0,0.0,0.0030273014214851,0.0,0.0078441423378308,1.8844451418460595,0.0,0.0,0.2096098379131216,0.0,2.124572177123307,2.451354452141306,2.132580777968566,0.0065459432155568,0.0,0.0,2.516008751666438,1.835719628308308,0.0,0.0,2.0720723161057784,2.1128282789251327,0.97334516520391,1.984331163705356,1.996238883028541,0.0,0.0,0.0,0.007965808283228,0.0,2.3600531268037623,1.5054341310362986,0.0800928119595125,1.969832367702605,0.0,0.0403070473602974,1.8470786203573213,0.0,1.8189375497293263,2.3844951991855026,0.9949609669511268,0.0054980125998269,0.0,0.0153331516049535,1.4980298344545415,2.2345746234340886,0.0,2.7827583258066344,0.0,1.933833692703497,2.482616898853284,0.0,1.2415163484935392,0.0,0.0002696264662019,0.0808918110446752,2.1079847379365684,0.0,0.0,0.0155582899595917,0.0,2.0413259541863966,0.0050288969993962,2.72620530290076,2.1045205018326607,0.006983777512017,0.6656996961478233,2.013609693220899,2.5545494627452023,0.0,0.0,0.0,0.0,0.0,1.6505976850290094,1.788341264465394,0.4535108192239366,2.544395873596588,0.0323868538327317,0.0,2.658759737123394,2.4371174830585005,2.8892604196544887,2.0299363153288126,2.28762834128909,1.151640089754454,0.0388582257698318,0.0,2.526560552229788,0.0,1.895115981752704,0.0,0.0,2.0207620928957675,0.1249752004189121,0.4302282103681875,0.0,0.0,0.0,0.0,0.0,0.0,0.0,1.6734687433146969,0.0,2.165110508154338,2.0284812808264743,1.9683000768032008,1.484088482961919,2.338049045513564,2.520206521068296,2.051378591258496,0.0,2.5801456001636485,0.0,0.0,1.8751543238217303,2.354531999163952,2.374183580282576,1.6190338661649026,0.0,0.0005355058483627,0.0149617745187935,0.0835199366047134,2.060336403808445,0.0024764526457276,0.0,0.0987318774960568,2.6537716487626866,2.272974516169924,0.0,1.9812039720433945,1.4837454517792603,0.0,0.0,0.0,0.0,0.0058650483100325,0.0,0.0,2.2257037928531043,0.0438065465956672,1.5165322895168831,0.0,0.0095640992685177,0.0,2.1945357630837465,0.0,0.0766808927450573,1.569187869051894,0.0,0.0,1.8456188566487268,1.99604464721878,0.0018961983590638,0.0121003965563257,1.807438712445504,1.7290501812416093,1.9113804648424104,0.0,1.72110836334955,1.517290894916402,2.1009268946601245,0.0,0.0319234279239839,0.0103386778135694,0.0409016248137715,0.015110936390832,0.0,2.4100769883586377,0.2923971590889995,0.0,0.0,0.0,2.306948711997829,2.0759313381678908,0.0,0.0,2.3136786801315306,1.917396775034932,1.7487753162457638,0.0631783943197581,0.0,0.0,0.6216778357040309,2.6955045665623127,0.0037149558671953,2.4606120365312067,0.0,0.0052371072902545,2.0064972222122446,0.0,2.4900991704051543,0.0,1.6625461458375206,1.4480537264852105,0.0,0.0,0.0,0.0,1.4842894933703492,0.0,1.950730619560128,2.7510627430734345,2.2363998811914407,0.0,1.958179353633476,0.0,2.8609510513516136,0.0,2.206340771946432,0.0,0.0,0.0104284369005959,0.0,0.0076704825863928,2.324759473039032,1.7131422321751906,1.3246298513772028,2.790964909024705,2.082030693986475,2.0513470522567863,0.0,0.057631102093217,1.8088047121063364,0.0075991565034804,0.0740320108549616,0.0684252182065717,1.7111695728215397,1.841832104986695,2.0919616040974804,0.0,0.0,0.0,2.185325676865612,0.0,0.0,2.795539925314756,1.8928477333976028,2.0266652724394825,0.0,0.0,1.95725540032064,1.8670595499608087,2.1887115083731885,1.7208463235056504,1.7017882927781751,0.0,1.7527012947956977,2.2437164431777106,1.8884987033579843,0.0,0.0,0.0779998176607714,1.8080115309378075,0.9411636937222287,1.6959443139414505,1.1389214184136425,2.5873958012453184,0.0,0.0,0.0,1.851649956446916,0.0,0.0,2.1843523884471043,0.0,1.813555198433712,0.0,0.0,0.0137661593865713,0.0,0.1010663424137169,0.0095744800291369,0.0172924070636026,0.0,0.0072930126234079,1.927916754705565,0.0,0.0,0.0,0.0328534561659212,0.0,0.0072279579928133,2.136565374874053,0.0,0.0,1.5090392882122423,2.1876904825864507,1.8485766138052155,1.634451476295904,1.801761990805538,0.010839604633415,1.9439792884617435,0.0,2.9543948439058574,0.0,0.0,0.0,1.3298748239274982,1.9109722706479944,0.5307431306723073,1.4096378617377567,1.7566877056672918,0.8368607494933481,2.607426612077284,0.0,2.035065822774643,0.0,0.0,0.0,0.0,0.0,1.163444944556726,1.7253072816404158,0.0,0.0,0.0,0.0207604285679766,0.0,0.015276904359512,0.0,1.9265403441099127,0.2009795868214659,0.0,2.3969048096379453,0.0,0.0,0.0,0.2947923489988517,0.0,1.8516127492505527,0.0,0.0,0.0,2.2805805722052352,0.0,1.4333220133585545,0.0034549251765304,1.5307741505437482,0.0056286816089924,0.0267394979816602,2.3245208372914745,2.0046798396924608,0.0,0.0,0.0107829959659719,0.0,1.9034811878764548,0.0,0.0,0.48036289924911,2.3584425940183125,2.085001388130127,0.0,1.4938148638772155,0.0,0.0,1.840539540396202,1.7969475363372054,0.0,1.3970835531958798,0.0,0.0127505859014549,0.0,1.4375873313540182,0.141293325865407,1.7245191891894085,0.0,0.0,0.0,2.0897755982276367,0.0,1.8691434774671425,0.0,2.2413006165474005,0.0,2.0146565236646703,2.3989871146939783,0.0100497819484044,1.640067694709746,1.9265141682355256,1.6544904444589932,0.006671086772612,1.7797037096947568,0.0,1.6173722111357518,2.0466464744164896,0.0076813262322382,2.099602406878208,0.0,0.251809290867023,1.902394608340592,2.3680494127695493,1.6583854388795949,2.03577018712802,0.0736754636820957,0.9102094689917086,0.035998819603801,0.0,0.3030825398426548,1.4881500289971632,2.3070860343995774,1.469684216304394,0.0068748702591465,1.2991042052251482,0.1056014732216603,0.0,0.0,2.793756491010688,0.0,0.061085935214462,1.3858874835352213,0.0,2.2641423487234067,0.0,0.0194862789960915,1.978759093028661,2.6459662140711795,0.0,0.0,0.3259985558671691,1.841204019314728,2.018782499349902,2.6078325935695217,2.0654939439038027,2.11689301694664,0.0,0.0,2.1887951123997365,0.0,0.0,1.0998832935349163,2.2135676422623334,1.6276034429322637,1.369651577530702,0.0,2.0015678113429805,1.7680337516392606,1.6770341402977926,2.284914545513652,2.3298244613282875,1.8528173490198685,0.0149748423172576,0.0002734746031699,0.0316386145431401,0.0,1.8141003876568504,2.4025777254513176,6.789506036447408e-05,1.4114818181700233,0.0,0.0948791371676245,0.1875475809530577,0.0,0.0,0.0691984277026157,1.9409270879927736,1.5790171323454063,2.106680337909072,0.0,1.9687639630321148,0.0,0.0327258088298847,0.0108378917736741,0.0644382302484205,0.0332931877150741,2.01297267691573,0.0,0.4917436609352781,0.0490016073030318,0.0,2.2358161128891427,0.0,0.0,2.2706822343695507,0.0708851253110732,0.2906834496447775,2.044341350430038,0.0057405205306508,0.0,2.1223522846622944,2.0553791881176227,0.0,0.0,0.0,0.7531694747659964,1.7889237326070822,2.09946782713508,0.0,2.2128767577044504,0.0,0.0,0.0257083585446832,0.001382944825695,0.0,0.0036790011678821,0.0,0.0095129009200157,0.0,0.0,2.3201517394356257,0.0299904595761697,1.6575660369062268,0.0,0.1090690162262519,2.093096140518791,0.0072538677572093,1.9242670347675328,2.5872078698916265,0.0,0.0,0.0,0.0643264735481197,0.0,2.0917024906844985,0.0191067232938595,1.8366240333629296,0.0,0.0077219343644029,1.7763277760179017,0.0459031853813155,0.0,2.1785361569251465,2.0723307938478914,2.4145527679525465,0.0,0.0,0.0609141407887995,2.429761780210576,0.0,1.634624214884442,1.7164038938741293,1.7780587451659358,0.0809650057065135,2.1570127129512584,0.0,0.1535841607851095,0.0,1.2443288222305142,2.244592017019244,2.0307618046437548,1.9519769048239584,2.6035144735975035,0.0,0.6672946956752218,2.1486329914999045,0.4874357581045622,1.3357424146385954,0.0738246620222066,0.951581723867172,1.891512783678585,0.0031282180904393,0.0070419175176942,0.0044937508529108,0.0417001150628028,1.0089263552807974,0.0,0.0141304772276728,1.652863308299185,0.0,0.1541600977907707,1.7806339568301184,2.326166090839501,2.243938524805102,1.2476982155133236,0.0,0.0026152169410293,1.6690820618291051,2.486159853131899,0.0,0.0758341995846705,2.6996937799424665,0.012050476363805,2.6643647784008246,1.7876096046275127,1.796098792837955,0.0088745768473322,1.7303660875583549,0.0,0.0250251541865964,0.0,1.994526233234884,0.0,0.0,0.0311945485706198,0.0,0.0019080431755856,0.0,1.434404209446788,2.180341109902338,0.0,0.0518069494962068,0.0,0.025836093713938,1.711369585178064,0.0,0.0001300834520551,0.001927225198,0.0,1.743280451066944,0.0,1.907409374236661,0.0966585742654803,0.0,1.706542870297645,0.0292562427061104,0.0,0.0,2.4560657189529143,2.0327479238347044,0.0011245538174219,0.0,2.7782279248195776,1.5981054396489582,0.0,0.0021509925323602,2.2216409344843617,2.619246715961747,2.8997380370281576,0.0,2.161653263225423,0.0,0.0389051259990181,0.0,0.0,2.438732321264963,2.2455335378955565,2.0553733565655943,2.1285835000472333,1.5151751982329271,2.362416589339232,1.6149196672226138,2.301871546518648,0.057620296961116,1.0367096852393836,1.5723234469600422,0.0741782723108203,0.0,0.0,0.0,0.0,0.0,0.0,0.0,0.0,0.0,0.3117230108582473,0.008627004587724,2.186460694173241,2.1185276511212243,2.0911640232448683,1.7826426188519715,0.0125990522094437,0.0,0.0,0.2945866480479934,0.3466517941295802,0.0,2.864057318133284,0.0,0.0347430732768938,0.0304105720586492,0.0,0.0003908346308798,1.8492745245237177,1.7733629667465585,0.0,2.420301335607854,1.805121467763864,2.4327299192987537,0.1337931770745333,2.2301339013579304,0.2760448514323195,0.0160590143477703,2.4439361613518646,0.0,0.0,1.7797337012770111,0.0,0.0062630963972678,1.5865388594295056,0.0,1.7233571449090517,0.0475870001109494,0.0417043840030368,0.0120489189452907,0.0,0.0,1.6742033922365611,1.9706738390202048,0.0,0.0031994242424774,0.0,1.9890683701143124,0.0,2.019985666806919,0.0858076543983636,0.0,0.0,0.0,2.173707183809823,0.0607753605888486,2.2246768860503017,1.542575685443884,0.0082819674008554,2.156342926869096,0.0114869223457783,1.7193788610186267,2.0343117842859,0.0,2.400144040740977,0.0061069785678291,0.0,1.8392632003656049,2.557608347590866,1.8151787133262367,0.0,2.2003179141107405,0.2159157850027651,0.1336981465670026,1.7842689200152375,0.0131573417718464,2.4576722822063948,2.0760804705859224,0.0,1.9358665764152267,2.3361863147443973,1.4845013259596584,0.0,0.009860856366981,0.0017064351147344,2.876923815386081,1.9978286350924337,0.0074447099896697,0.0578853588186736,2.319697246996918,2.6664368615483065,0.0,1.178667020062723,0.0,0.0,0.0,0.2377949939890604,0.0902980967019715,1.8020619493982497,0.0,0.5101205240852017,0.0,0.0830095446687571,1.0816177361648094,0.0,2.3229975693736886,1.781847833983076,1.7364062277943388,0.0188033708919504,0.0,0.0125612773652007,0.0623848542634131,1.673173951730106,1.4268254900962682,1.639959045161406,0.0142328931565623,0.1055287108527621,2.252815553077934,0.0135614205010429,0.0,0.0,0.0,0.0,0.001317414171085,2.083529871550012,0.0,1.4110387737903032,1.4109006575717582,0.0055282453388857,2.4586806565707686,1.3127385510483192,0.0,1.3088640397842808,0.0863469797566913,1.6122588344063675,0.3197024370425295,1.8373571214222413,2.6707682636933336,1.3562056061296115,0.0,2.779010732946819,0.0,0.0,0.0,1.8121042689402047,0.0,0.0098525900143254,0.0,1.5578691206532822,2.047069385259808,0.0,0.0
CBX2,0.0,0.0066035809544234,2.42997018394386,0.0153997430940977,0.0060517357555936,0.0,0.0,0.0,0.0,0.0,1.5197023562138106,2.133407820958844,1.3090006215806758,2.3885415654321984,1.5483913142281878,0.0,2.0274536433276285,0.0,0.0,0.0,0.0,0.0,1.7484095142613896,2.119865610446909,2.232036293458386,0.0,0.0015162610267884,0.6111071338317889,0.1962683081737918,0.0,0.0,0.0,0.1982478893327392,0.0,1.8138079087008816,0.0,0.0,0.1493040946461714,0.0,1.814754334431352,0.0,0.0,0.0,1.0158060015534272,0.0,0.027492476379487,0.0,0.2476924240771505,0.0,0.0010090009733034,0.0,0.0,0.0106050808261617,1.9429893024335203,2.18968500990975,0.0842381520595539,0.0028202344776312,0.0,0.001925728151458,0.0,0.0316889302925187,0.0,0.0,0.1484855688116991,1.7655451681225014,2.2997429781308485,0.0590163028855633,1.7860132947672005,1.567236182279326,2.40892695692844,2.8239875918431974,1.682042891335241,0.0,0.0,0.1544041955314823,0.0,0.0,0.0,0.0,0.0408849419000752,0.2577571335855546,2.331434100159304,0.0,1.8929277493370216,0.0,2.073128716726964,2.037749605853026,0.0,0.0769883595231933,0.0,0.0,0.0,0.0,0.0838895425751496,0.0987147969193539,0.0,0.0,2.3214944296649174,0.0011301028440586,0.0110612196063106,3.1100832873957653,0.9249885183710936,0.910720305346606,0.0,0.0,2.2363887089155026,0.0,0.0091213587006647,1.8682458485844189,1.5741074818793137,0.0,0.0,2.0386848737103427,0.0744661624379253,0.0,0.0,1.683437579974124,0.378281982074262,0.0,0.0,0.0,0.0718825755490187,0.0,0.0002871512401738,1.5400498588987164,0.0,0.0,1.8650191757913444,2.171030416186109,1.6995381400365526,0.0053140451694004,0.0,1.6745493712144512,1.7151093409147309,2.3493190942524764,1.9165506656654951,0.5879908966209296,0.0,0.000154941594753,0.0,0.0,0.0143205142324837,0.0,0.0,0.0,0.0,0.1049926400214866,0.0,0.0049642953661702,0.0420878985543092,0.0004374356459659,0.0,0.073166609322003,0.0,2.147144272151663,2.4487149232491783,0.0007064878517118,0.0,0.0,0.0,0.0,0.0057373626703223,0.0,0.0,0.0,0.1376041713529667,0.0,0.0108006132244239,0.0657045812021567,0.0063542175102568,1.2797523407328455,1.6505357119420865,0.0,0.0,0.0078898573708993,1.9995258079940776,0.0018717442769698,0.0,0.0,0.0005632064107937,0.004122570328323,0.0215655987904721,0.0,0.0,0.0,0.0,1.880534732403492,0.0049556994735594,0.0,0.0,0.0161283885734619,1.6197785558661424,0.0,0.0492242736820899,1.6022846841963458,0.0,0.0,0.027973221368765,0.0040658495351084,1.673854466440892,0.0657903978872343,1.7052371984106187,0.4647864080100622,0.0,0.0420523296589582,0.0,0.2103328891166692,0.0224837944106173,0.0,0.6496373102765958,2.280108785207428,0.0,0.2302251251838832,0.0,0.0,0.0,0.0352841391448464,2.164550529025961,0.0,0.0,1.996841074714501,0.0055102970039944,0.0,2.5566846048000067,0.0469319909764162,0.0,0.0,1.0626381320671263,0.1079291156996229,0.0,0.0056290409212788,0.0363705611296306,0.0,0.0,1.873665637185356,0.0,0.0708886432888153,0.0,0.0,0.182459567833013,0.0,2.508073099237288,2.330662464577283,0.0,1.7320279145954498,0.0028866015926544,0.0,1.7110948052863686,0.0,0.0008281648967168,0.0,2.5644818139882206,1.668108749185456,0.0,0.4713388464376642,0.0,0.0016344758884977,0.0003352865266876,0.0,0.0,2.0562998758588056,0.0258749207825193,0.0,0.0,2.4726589942414767,1.1944266106975,0.0,1.0610718222917426,0.9376683640531324,0.0,2.858392720006885,0.0,2.13339573144775,1.0619930441590493,0.00600497329559,0.0,0.0249129462197704,2.9231305861832686,0.0,2.0899568748543143,0.0,0.0100314669874355,1.2083599624620651,1.7692711714717224,0.0096080122802949,0.0,0.0,0.1148435929610499,0.0,1.9462283536953708,0.0,1.4774695297026272,0.0,0.5828748119450979,0.0075024679912088,0.0278542894367005,0.0,0.0,2.916190539649937,0.2019935160744176,0.0185076226175078,2.1393656762526465,0.0,0.0049325561038793,0.0,0.0,0.0,1.0193971876467995,0.1138073648487345,0.0,0.0413423899874375,0.0,1.7146665730002222,0.0030847226456528,0.0246130423593473,1.5064915010964963,0.0,0.0,0.0,2.054001566447356,0.0484929553266418,0.143570558678491,0.8333047995261837,0.0,0.0,0.0,0.0,0.0,0.0,1.932644513998417,0.0236326097185192,0.0105997572588871,0.0,0.0039845491204251,0.0,1.4612353944731535,0.1038122491104929,0.0040863287313275,0.0,0.0,0.0,0.0235024862057754,2.2281723896591275,1.910966891287152,0.0,0.0,0.0122044128046387,0.0090533419339168,0.0,0.1060236646037192,0.0,0.0,0.0,2.5175489387237,0.0,2.336749378414526,0.030823770032552,0.0084660661217138,0.0,0.0005563537788288,0.0,0.0,2.1843141928211143,1.2575074539054858,1.9933803656870464,0.0,0.0837737954063447,0.0213185747174274,2.295950888684005,0.0308082765351177,0.0,0.0,0.0902367157086464,0.0054020787591348,0.0,0.0,1.3824652567600548,0.0,0.0,0.0,0.0128352288918698,0.0,4.429661178638076e-05,0.0029078500725919,1.7345402178152338,0.0909953349341695,0.0,0.1353578210576886,0.0,0.0,2.6460831820020565,0.0148118180767788,0.0365299897277917,0.0,2.4710916732869284,0.0,0.0982172270290272,2.369063113788006,0.0,0.0,0.3740993461238668,0.0,0.2990603102926542,0.0,0.0071751106303195,2.5654460834822674,0.088287637528473,0.0,0.0,0.7170603792871593,0.0,0.0046795045623417,0.0,0.0027371202782254,2.0245374184055365,1.7438939513599774,0.0,0.0601663231576561,2.1977906770672853,0.0,0.0,0.0024361438515977,0.0008452625322257,1.3916184091110746,0.0134770132055103,0.0,0.0,0.0005191527397983,0.073464532290329,1.706278371420518,0.0221933816887278,1.556692450723849,2.151153428990237,0.0057890591148724,0.0,1.8121414156844928,0.8800470669473561,2.2447281191449644,0.0192408169264042,0.0,0.0,2.10707377992684,0.0,0.0,0.0209189934484642,0.0,1.4079785860999472,1.8737445849482253,0.0,0.0,2.0159102364465724,0.0207224425733755,1.3271760834786115,2.2074293206670546,0.0421816739235042,0.0862129702294268,0.0,0.2076212024878507,0.0085519089768356,0.0,0.0,2.505278485717129,1.139850245181684,0.0111779726472902,0.0,1.6850655293743482,0.0,0.0027167406070682,0.0131651676534999,1.476322362362387,0.0781765056213851,2.298180229854042,0.0,0.0240813495096177,0.0,0.0654188734186375,0.009234718137095,0.011870743110141,2.0676678507243023,0.0,0.0,0.0,0.0263925779637693,0.0,0.1192651552852552,0.0027725209656725,1.8328493952413527,0.0,0.0020114900649904,1.4714602678265878,1.8295591772627768,0.8530631395920911,0.0905683187043521,0.0,0.0247347505959586,0.2510941270189617,2.2532040588457773,0.0,0.0,2.4685505646785297,0.0095216302227718,0.061658295527743,0.0,0.0,0.0,1.4165103194360875,0.1356801930691833,0.0194493346662203,0.1324987153051184,0.0,0.0,0.0137379395231091,0.0,0.0626287909275149,0.0062768880472396,0.0332147452612758,1.7738065972983523,0.8063780937962681,0.0,0.0,0.0,0.0,0.0,0.0,1.821983643525128,2.2586873510375822,0.0057451937329784,1.4779626878465193,0.0,0.0,0.0,0.0,0.2867646438538456,1.6233130118198578,0.0210994969172185,0.2039632577194332,0.0,0.0491525982488026,1.879397668297672,0.0,1.8593720352554075,0.0168674156362417,0.0,0.0,0.0045522287523096,0.0186645549934723,2.3156319283409887,2.3463354864159105,0.0,0.022957049084586,0.4128039524790629,0.0008059919506981,0.0,0.0,0.0,0.0,1.0478618283036831,0.0,2.1771190257709936,0.0898906933767079,1.772124724859353,0.1792943050230404,1.2975789684380707,0.0098682070370442,0.0444137341976322,0.0774843685419613,0.0,0.0024773772467411,0.0,0.001401713012642,0.0,0.0017036768292831,0.0178562209626227,1.3270066305767851,0.0,0.0,1.8491521863643616,0.0,0.000323980146894,2.057836663652137,0.0,0.0,0.1363705000065082,0.0,0.0,0.0340814102714836,0.0,0.0,0.0,0.0,3.8854417759612834,0.0,0.0338310755486333,0.0,2.5704838126478924,0.0091402678616885,2.213010286583036,0.1137128669573023,0.0,0.0018041535991383,0.0,0.0,0.313819202802818,0.0,2.3674582196468457,0.0,0.0,0.0,0.0,0.9387679356247992,0.0087161182058409,1.5737278405310973,0.0,0.8522956373374132,0.0,0.0,0.0,0.0,1.5513556624278362,0.1280281074643539,1.8946104486162083,0.0,0.0,0.0603224542739127,2.5331338483252384,0.0,2.5873609493772376,1.8478863070246416,0.0,0.0,0.0,0.0,0.0,0.0,2.061450658224663,0.0,1.3625131240644084,0.0,0.0,0.0,2.0300048713120566,0.0118479498040369,0.0,1.875841496633692,0.0,0.0,0.0504001158650176,2.341331449265612,0.0,0.0,0.0221749297613326,0.0069863066198392,0.4424036188189893,0.0,0.0056913563223225,0.0,0.0,0.0,0.0,0.0,1.7847237142062582,0.0091509274418895,0.0099436220776961,0.0,0.0036600099793196,0.0,0.0,0.0,1.4940985393871986,0.0,0.22944734258519,1.7913743748037567,0.0,0.0,0.0902925655994519,0.0,0.0053860330793077,0.0,0.0074057472732811,0.0030464537507419,1.5841716942820336,0.0,0.1531225475453009,9.566657059656424e-05,0.0610832059465847,0.0055861482469241,0.0,0.0746086221913204,0.0,0.0,0.0,0.0036490269044142,0.2156415255162349,0.0,2.446328172578898,0.0,0.0027998036395699,0.0,0.0036946985696578,0.0126810203322596,1.0622228407508525,0.0,0.0,0.0,0.0015787323881413,0.0,0.0,0.0,2.0855918023807947,0.983689209169536,0.0063297815086079,0.0,0.0194974857422382,0.0,0.0014007686024171,1.9820818490562804,0.0,1.7536570129831142,0.0,2.8571391316976325,1.976309376927432,0.0,0.0025223397733874,0.0525327639472058,0.4822220284537604,0.0,1.947049984837161,0.4341453364917958,1.5973807886914768,2.4076710483455805,0.5441361882928908,0.0020225775209278,0.1271000431409346,0.0,0.0263230485939425,0.0,0.0,0.0,0.0,0.0,1.6872298148181102,0.0,0.0057258061768267,0.0001438441704059,0.0562379636492141,0.0825725057578742,0.0,1.1227285222498835,1.7160698830391246,0.8385694121698581,0.0,0.0,0.0019666896500787,1.2385760649532371,0.0,2.057204126924033,0.0125423090913581,1.308910551027302,0.0961022861895985,1.805350358673416,0.0,1.7284992051801205,1.900099940816482,1.9315153803876024,0.0978095512457719,0.0,0.3479083341452294,0.0,0.9799453059148846,0.0123446129344128,0.0,0.0070890979668016,0.0141629438133865,0.0134623801069478,1.997004512353372,0.0,0.0,0.0232573302557775,0.2545937431768993,0.0,2.107309909869308,0.0,0.0006440259157326,0.3413088303398479,0.0,1.3356705674973677,0.0035446739561438,0.0167846574879308,0.0,0.0,0.0,1.830841209300968,1.9357995362736595,0.0,2.3338250636221773,0.0,0.002537748288487,0.0,1.7747916236778338,0.0,1.6944137166416726,0.0009224584815852,0.0,0.0102243907296819,0.0818056348055129,0.0,0.0333249769184442,0.0,3.178732931998648,0.0,0.0,0.0,0.0009333761136611,0.3710123347039428,0.0311343824067435,0.0118443911264947,1.107662978318647,1.3702041490511014,1.7825449902411448,1.8820738692820964,0.0005590983523104,0.8634135351246791,0.0018085697287438,0.0,0.0,0.0,0.0,0.0328277685894642,0.0002112728219424,0.1249022150483291,0.549361901830212,2.200566275580364,0.0799874561021217,0.0,0.2665118177307575,0.0,0.0,0.0,0.050510296881587,0.04822012338786,0.0,1.892410204055632,0.0,0.0418662467212868,1.7074585602799963,1.934775545926996,0.0,2.7372333737225705,0.0,0.0,0.0548864013684331,0.0490454086166705,0.0018849214022518,0.0,0.1480298976054161,1.559569563005326,0.0,0.0,0.0,0.0,0.0228473397917571,0.0169731068249271,2.4121551757923134,0.1337574911446306,0.0269612110137102,0.0,0.0,0.0783708059327696,1.8417116289392368,0.0066244233465433,0.0173489256108082,0.0,0.0,0.0,0.0,0.0901108478765767,0.0024660833834768,0.0,0.0,2.528315644257462,1.4378723738333392,0.0,0.0100093562193169,0.0,0.0,0.0066501223028535,0.0,0.0,2.2058567097298987,0.0034369407257467,0.0,0.0,0.0,0.0,0.0,0.0,0.0,0.0,2.0935493417861704,0.0767305136805193,0.0,0.0,0.0,0.6649298541675377,2.20276163459785,1.8968277237290407,0.0,0.0316184037579415,2.197234653401192,0.0,0.0,0.0,1.6121826306967333,0.0,0.0,0.0089572706966808,0.0553884372707756,0.0,2.171106916141321,0.1627532357490264,0.0324719838937664,0.0014993044387948,0.0650645725898895,0.0,2.111536008156902,2.360916469718931,0.0,0.0140219196439812,0.0,0.0,0.0,0.0053931344108892,0.0002038834462067,0.0028263189108505,0.0059881061261535,0.0985157905516574,0.0846482878956667,0.0059167568145135,0.0820440149801623,0.0,0.0767450912127239,0.0,0.0,0.4061548777662336,1.9744418611943515,0.0,0.0,0.0,2.696293548879376,0.0,2.149241562236945,0.0,0.0,0.0,0.174594619324586,2.4764877362724613,0.0266738911429171,0.0379485231823361,0.0800660667250496,1.575835843419551,0.0021538631855691,0.731543173031969,0.0168691724171312,0.0,0.0,0.0034306650429581,2.5737042503406653,0.0035497872359945,0.0,0.0,0.0,0.0056852282279646,0.0,0.0,0.1305390550140399,0.0362923709800419,1.5731945387451192,0.0,0.0223685543945712,0.0,0.0,0.0,0.0,0.0,0.0063247757603591,0.004708133580529,0.0032889249358045,0.0,0.0,0.0,0.0,0.0,0.0,0.0,0.0,0.7410540692055728,0.0,0.0,0.0,1.7890313507635025,0.0,0.0,1.149896934019572,0.0,0.0,0.4218242107414628,1.23346307979475,0.0,0.0,0.0,0.0006198643132103,0.0063363917934767,1.880927091798623,0.0,0.0,0.0,0.0,0.0100949929459503,0.0,0.0,0.0,1.811711597855029,0.0,0.0,0.0046326774963313,0.0447317590183354,0.0,0.095983534578246,0.0,0.0095531855721501,0.0,1.4509023246099304,0.0922329113797882,0.0,0.0,0.0,0.0,0.0,0.0321078378030953,0.0,0.0,0.1287283787262212,0.0,0.0966585198870606,0.6358766612014345,0.0,0.0,0.0556769957876599,0.0195910807265359,0.0,0.0,0.0,0.0,0.0,0.0,0.0029387142225103,2.004253701794986,1.5087927124200495,0.0,0.0,0.0,0.0,0.5753824463971817
CTNNB1,0.0,0.0060486118995774,0.0,1.3861718451183265,0.0336897235155817,0.0,0.089726499555507,0.0,0.034133433173655,0.0,0.0374446772836901,0.0266673772688382,0.0,0.0005406103361193,0.0,0.0,0.3051651186610893,0.0,0.0,0.0065008122358459,0.0054156544342652,0.014538575760878,0.0,0.0,0.0,0.0,0.1133411972014252,0.0,0.0,0.0,0.0,0.0,0.0,0.0,0.0104723859844769,0.0031835293541773,0.0,0.0,0.0,0.0,0.0,0.0,0.0,0.0,0.0,0.0,0.0,1.7627636948332632,0.0,0.0,0.0325126443425635,0.0,0.0,0.0005476429358527,0.005948509412996,0.0273731404444621,0.1145497234677153,0.0,0.0092817221488953,0.0,0.0,0.0,0.0,0.1072355392713102,0.0184907413574713,0.0162726079922809,0.0,0.0,0.779997993311355,0.0008104407328927,0.0041746275511519,0.0,0.0,0.0,0.0,0.0,0.0,0.0,0.0149766612614262,0.0,0.0,0.0,0.0,0.0,0.0,0.0009500322195681,0.0,0.0,0.0,0.0,0.1540531737380754,0.0014123773128504,0.0080705942882056,0.0,9.652746687432988e-05,0.0028002333092267,0.3428144271918567,0.0,0.0125472378867447,0.0,0.0,0.0,0.0,0.0074164702144558,0.0,0.0192076812435342,0.0,0.049483506594947,0.0,0.0,0.0,0.0,0.0,0.0,0.0,0.0004033368033954,0.0,0.1647307060505634,0.0,0.0,0.019276506762506,0.0,0.0,0.0,0.0,0.0,0.0,0.0,0.0,0.0,0.0,0.0,0.0,0.0,0.0,0.0,1.2080635757798412,3.597232479204027e-05,0.0437026473780462,0.0,0.0,0.0,0.0,0.0,0.0,0.0,0.0,0.0,0.0,0.0,0.0,0.0,0.004628602165598,0.0,0.0,0.0,0.0,0.0016981866453474,0.0,0.0,0.0,0.0,0.0,0.0,0.0057875163930196,0.5999021725240422,0.0,0.0,0.0115892813189504,0.0,0.8600407910748802,0.0,0.0,0.0,0.0037993156897321,0.0,0.0,0.0,0.0235970297127716,0.0087683605329762,0.0,0.0,0.0593472714329848,0.0,0.0020002492438652,0.0,1.4834329630441572,0.0,0.0,0.0,0.0,0.0,0.0,0.0,0.0,0.0106102172967507,0.0181716898638268,0.0,0.752156423904118,0.0131415048641796,0.0272944502318389,0.0076460083127622,0.0,0.0,0.0263034614645508,0.0372380447237979,1.2106412670969866,0.0,0.0,1.9409599931562247,0.0,0.0145042751664889,0.0,0.0595124515125996,0.0428726491284279,0.001671073079363,0.0,0.0,0.0156452125885798,0.0,0.0,0.0,0.0017621123581087,0.0,0.0414074016231321,0.0,0.0,0.0007289211483821,0.0,0.0,0.0043478115038721,0.0,0.0344239518899694,0.0,0.5276385842717091,0.0,0.0,0.0,0.0,0.0,0.0,0.0187280687509896,0.0,0.0,0.0,0.0,0.0,0.0,0.0,0.0,0.0,0.0,0.0,0.0,0.0,0.0,0.0,0.0,0.2614815631870131,0.0,0.0,0.0,0.0,0.2663916770619949,0.0,0.0,0.1079406559777151,0.0027500709569954,0.0,0.0,0.0,0.0,0.0510129456130107,0.0,0.0,0.0,0.0,0.0,0.0,0.0342262046857803,0.0,0.0083489902483565,0.0,0.0500759176424924,0.0,0.0,0.0,0.0,0.0,0.0,0.0247345614008306,0.277419376760098,0.0,0.1387130241301888,0.0,0.0,0.0,0.0028746847868111,0.0288003396360519,0.1066555568965866,0.0,0.0,0.0079365993570181,0.0096593594823345,0.0,0.0,0.0,0.0,0.0,0.0,0.0,0.0,0.0052846972973007,0.0,0.0020126764132697,0.0,0.0,0.0,0.0,0.0,0.0006940081306257,0.0465418447466751,0.0397152222743595,0.0,0.0,0.0,0.0,0.0,0.0,0.0,0.006839098768837,0.0093264871012692,0.0029732523956144,0.0454097345289959,0.0334983272608607,0.0,0.0,0.3699635081778351,0.0,0.0,0.0026733596479284,0.0099728365199631,0.0251562201481995,0.0,0.0,0.0053043500905518,0.0,0.0289777377431566,0.0,0.0,0.0649546095219121,0.0023857307801471,0.0,0.0,0.0,0.0,0.6373312541701631,0.0,0.0,0.0,0.0,0.0,0.0,1.7395751945647109,0.0176157224153695,0.0,0.0,0.0156839591108996,0.0,0.0015515311599764,0.0,0.0106557936527352,0.0,0.0,0.0,0.0163260621387046,0.0,0.0,0.0470397541321838,0.0,0.0,0.0108778227866449,0.0,0.0005361796580711,0.0,0.0,0.0,0.0,0.0031892036485392,0.0,0.003788896810134,0.0,0.0,0.0,0.0063756526394581,0.0,0.0,0.2620311742219473,0.0,0.0,0.0,0.0,0.0,0.2104474741904107,0.0,0.0,0.007577853580186,0.0,0.0,0.0,0.0654481919718457,0.0724760443187493,0.0,0.0258118231766884,0.0011355725515723,0.0,0.0,0.0230501261125923,0.8162869983328606,0.0,0.0,0.0157668936877084,0.0,0.0019729973455571,0.0,0.0,0.0544126031863388,0.0,0.0159116019329008,0.0,0.0328935681929933,2.2099786120095466,0.0,0.0,0.0710332566309278,0.0106692510027705,0.0,0.0,0.0,0.0,0.0,0.0,0.0,0.0,0.0,0.0,0.9729155335843804,0.0,0.0,0.0,0.0,0.0,0.0178116464426715,0.057034727105049,0.0,0.0,0.0087564670380628,0.0534784487791641,0.0,0.0182254960734778,0.0270752885661388,0.0,0.0,0.3639578462083198,0.0028202804467249,0.0218981649953872,0.0010536085982995,0.0,0.0,0.0,0.0,0.0,0.0,0.1584484718229925,0.0,0.0,0.0,0.0001340671045717,0.0,0.0,0.0041547257832913,0.035408746676004,0.0,4.391671287633844e-05,0.0,0.0,0.0,0.0,0.0,0.0,0.0,0.0179942424584028,0.0026028641419821,0.0059372392457761,0.0131440748418443,0.0,0.0,0.1998406072423005,0.0,0.0013449930417274,0.0,0.0,0.0,0.0007707221932879,0.0001908976689666,0.0,0.0,0.0013729004148133,0.0,0.0,0.0,0.0088140921691715,0.0010809975358157,0.0,0.0,0.0,0.0063445263959379,1.0019524549765888,0.0,0.0,0.0093921064492388,0.0121827065979877,0.0089878374530882,0.0,0.0,0.0,0.0025203441979585,0.0,0.0,0.0,0.5860592003979274,0.0,0.3310287634528751,0.0562980701757019,0.0142702233368574,0.0,0.0206908460784408,0.002920113757869,0.0,0.0,0.0,0.0,0.2337785131195058,0.0,0.1897236512966916,0.0,0.0017392301046191,0.0,0.0,0.0,0.0,0.0,0.0,0.0,0.1298165595347247,0.0,0.0,0.0,0.0,0.0,0.0135514135950946,0.8834644876839031,0.0016022783138185,0.0840144155812981,0.0,0.0,0.0,0.0,0.0,0.0,0.0,0.0,0.0240704181289798,0.059665215125979,0.0,0.0,0.0,0.0584348914184223,0.0,0.0,0.0337415473763568,0.0,0.0,0.1194416897957371,0.6069550749227496,0.0,0.0,0.0279737083601683,0.0,0.0157256104610657,0.0,0.0,0.0,0.0,0.0,0.0,0.0036842796704883,0.0097925716512561,0.0,0.0,0.0168759057767538,0.0,0.0261123352918395,0.0,0.0,0.0,0.0,0.0041238562985951,0.0,0.0,0.016383953304651,0.0,0.0,0.0,0.0043641962978436,0.0,0.0,0.043741041205742,0.3827891075920167,0.0567847486985025,0.0,0.0,0.0,0.0,0.0,0.0,0.0,0.0,0.0,0.008057413412773,0.1728488548617505,0.0,0.0,0.0,0.0598987976110755,0.0,0.0,0.0,0.0,0.0982149114741807,0.0,0.0,0.0036600332734709,0.0,0.0,0.0177941379584171,0.036832798397873,0.0414779098902174,0.0134935070223366,0.0,0.0,0.0,0.0,0.0008257300418785,0.1705472302985896,0.0,0.0332934975360073,0.0012739979312057,0.0,0.0115596184963083,0.0,0.0,0.0,0.0,0.0,0.0,0.0097110254247408,0.0071999387871704,0.0,0.0,0.0,0.0,0.0187909493835224,0.0146079123535613,1.7313631106275955,0.029067399088397,0.0,0.0,0.0,0.0,0.0066003417706933,0.0,0.0,0.0,0.0015271625811092,0.0,0.0,0.1509281359299939,0.0,0.0008111529551408,0.002441628258283,0.0,0.0,0.0,0.0,0.0,0.0,0.0,0.0,0.0174895273600357,0.0,0.0,0.0,0.0,0.0,0.0002874593658365,0.0,0.0,0.0001661222494531,0.0,0.0264163837254095,0.0,0.0,0.0,0.0,0.0,0.0006131553488958,0.3140217038317172,0.0,0.0,1.1109004298680187,0.0,0.0,0.0006788235782679,0.0,0.0025169819667553,0.0,0.1245204362338115,0.8849426753094032,0.0,0.161145108327326,0.0015987199537742,0.0,0.0,0.0,0.0,0.0246991777346981,0.0,0.0,0.0107566295470774,0.0028618744727076,0.0,0.0274478499682822,0.1783503271778174,0.0,0.0,0.0,0.0,0.0059016553767458,0.0,0.0,0.0,0.0003389070262814,0.4298198696791972,0.0,0.0,0.0,0.0,0.014400969355364,0.0,0.0319235100871061,0.0,0.0,0.0,0.0,0.0467503095603015,0.0,0.0,0.0221070505671535,0.0,0.0022983317895805,0.0005970651207667,0.0,0.0,0.0,0.0,0.0138317556928195,0.0,0.0,0.0,0.0070402993738159,0.0,0.0,0.0,0.0,0.097169039004983,0.3302338962179335,0.0129616965480849,0.0,0.0,0.0,0.0,0.0,0.0305943753766667,0.0058129746527484,0.0,0.0,0.0071765528381253,0.0390499618051698,0.0,0.016617835804227,0.0,0.0,0.0052548518095346,0.010241285178991,0.0295200345497198,0.0,0.0,0.0,0.0,0.0,0.0058749396793868,0.0003897431255978,0.0286091430041505,0.0059652822184815,0.0,0.0,0.0,0.0,0.0,0.0016795966708265,0.4373808230478932,0.0,0.0042287609733954,0.0,0.0,0.0,0.0,0.0,0.0,0.0,0.0544891822914178,0.0,0.0,1.013224380306608,0.0,0.0,0.0,0.0,0.0,0.0079307895649889,0.0,0.0,0.0,0.0,0.0,0.0,0.0233112473655107,0.0503508984749916,0.0,0.0,0.0,0.0,0.0,0.0,0.0,0.0342232646868894,0.1336277428424228,0.0,0.0050511038296148,0.0,0.8580936744232435,0.0,0.0,0.0,0.0,0.0817550683412388,0.0,0.0,0.0,0.052406480721029,0.0,0.0,0.0,0.0,0.0,0.0,0.0,0.0,0.0251396977783025,0.0,0.0107228808978434,0.0,0.0,0.0,0.0,0.0,0.0,0.0,0.0,0.0,0.0,0.0,0.0,0.0,0.0,0.0,0.0007777363649914,0.0,0.0351591058934406,0.0235200300978116,0.0,0.0,0.0,0.1016269186288042,0.0,0.0,0.0741386868545102,0.0015114505244635,0.0,0.0013730498422139,0.0077105448027487,0.0,0.0,0.0,0.0243583989313313,0.0,0.0,0.0,0.0,0.0,0.0,0.0,0.0,0.0,0.0,0.0,0.0,0.0121162311011134,0.0,0.0,0.0,0.0103825750277537,0.0032259838508932,0.0002132635099416,0.0,0.0042985290751414,0.0,0.018318588818212,0.0,0.0,0.0277612627160136,0.0,0.0,0.0023473892113024,0.0090902828322258,0.0,0.0,0.0,0.0,0.0,0.0035040527811403,0.0016959550608933,0.0,0.001048185576491,0.0,0.0021828970870631,0.0,0.0,0.0,0.0,0.0,0.0,0.0,0.0,0.0060283222897624,0.0,0.0021953979689638,0.0,0.0,0.0,0.0,0.0,0.0,0.0783547311553209,0.0,0.0,0.0,0.0,0.0,0.0,0.0,0.0027703406333465,0.0094912564432048,0.0898188698255801,0.0,0.0,0.0403188768986674,0.0,0.0,0.0,0.0,0.0,0.1402067507464013,0.0,0.7993968510576739,0.0,0.0,0.0153466804155632,0.094144494715305,0.0159801333230496,0.0,0.0043186814185275,0.0,0.0,0.0,0.0,0.0,0.0,0.0,0.0,0.0,0.0,0.0,0.0,0.0,0.0290146180359852,0.0677552123456986,0.0,0.0423225689975533,0.0,0.0152647152561012,0.0,0.0,0.0,0.0,0.0,0.0,0.0034836019099933,0.0,0.0,0.0,0.0,0.0,0.0,0.0039496411073199,0.0,0.0,0.0,0.0,0.0,0.0,0.0,0.0060923043825645,0.0,0.0289214613741751,0.0647354510526777,0.0345350839134404,0.0001963050561083,0.0,0.0,0.0,0.7571276680565223,0.0086631432176171,0.1999752923690255,0.0,0.0,0.0,0.0,0.0027097817375758,0.0026084598970569,0.0028605505848173,0.0
DHH,1.6250984867234886,1.84624123744742,0.0,0.0,2.444891498798292,0.0,2.5437143835725804,1.689464005288147,0.0009171859051811,0.0919487800014712,0.0,0.0,0.0,0.0,7.610330552676429e-05,2.1953260638650214,0.0,2.2969220338657013,0.0,0.6397846647768761,1.4263837464120734,1.8857901949883968,0.0,0.0,0.0,2.5798766672003555,1.3151398695907244,0.0041731647513172,2.2232876120275544,0.0,2.358419138902821,0.0,0.0125405944524476,2.0926710478512605,0.0,1.8181389396248464,0.0,1.493448384816761,0.0,0.0,2.413232347002414,0.2764285821983611,1.574751870715677,0.0,1.8303661203216115,2.272552178754089,1.7909942836539772,0.0,0.0,0.1362671601829833,2.02003136097202,1.6057740162397989,1.15177501900851,0.0,0.0,0.0,0.0056145867901376,2.351390795185582,0.7410364438154291,0.0,0.0,1.7420955138871292,1.6407396514216217,0.0122651140108975,0.0025122385067806,0.0,1.7164721371221143,0.0389073770353188,0.0,0.0,0.0032362490307829,0.0,0.0,0.0,0.0,2.030765821207696,2.1393031711272843,1.9059593284288712,2.1878570234367483,0.0,0.1170865996369744,0.0065877536080488,0.0005275113165576,0.0028138538717101,0.93048171052177,0.0,0.0011391591063586,1.979340643492776,0.0251360904029117,0.1306469920585787,0.0,0.0067093711501694,1.8761574716402447,0.0,0.435778766918437,1.7372040508181412,0.0,0.0043420954762787,1.8459169362131085,1.8984165362131948,0.0,0.101301366649293,0.0242456009398211,2.2837551327932184,0.1125256369586761,0.0,0.0045795764223513,1.9095788301568828,0.1510665938220067,0.0,0.0,1.9793199801608048,0.0068341452562786,1.8745556236666907,1.058280471695188,1.9712453052960868,0.0,0.0,2.203844359214296,2.426149241566091,2.593060760969478,0.2676103415732097,2.3815553175846813,1.664942515044893,0.0,1.7073252665792118,2.2489629331368914,0.013353384504949,0.0,0.0,2.2512729629387715,0.0694321717281763,0.0,0.0053162070461245,0.0,0.0007601469163518,0.0,2.33147441979568,2.014884482913569,1.8355779739907727,1.971079879079592,0.0321371863204001,2.0888824534067183,0.0043966188162585,1.9216386617314816,0.1646421124414926,1.0578798346869944,0.0,1.710876144344717,0.1754899040313531,2.47075970473294,2.274700576663065,2.0768118146728507,2.030922749854334,0.0760545852186461,0.0015396132371387,1.6768489954920398,1.9062588498461484,0.0,0.7736664934313632,0.0332070879016546,0.0,1.974544361066364,1.6745808902353998,1.6424850191860805,0.0628877097140386,1.2794783102940788,0.0,0.0,2.0747242643943498,0.0,0.0,2.538670218262076,1.98543326981428,2.2249772321780013,0.0,0.1051791065949978,2.1281595903660184,1.6125243676050205,1.927127972467351,0.0319031282825452,1.8571588139488653,1.910600928478725,0.0,2.5379440051289013,1.9795475697769207,0.0931398660008178,0.0,1.9109363164825344,2.236986027929376,1.9053093578989908,0.0,1.907336165573288,2.2449943786776227,0.0066605188432101,0.0,1.5467870267439832,2.001767640545393,0.0,9.579361813257348e-05,2.542470564031136,0.0,0.0,1.1034797660085398,1.318234338955303,0.0074793869421016,0.0,1.725519125407143,2.2296617492199347,0.0062401696406645,0.0052946492386718,1.6505111718843926,0.0152697760539383,1.6525217792144034,1.7108887232734094,0.0034687194419798,2.0109800911750733,0.0259049800984214,2.219767704043867,2.043470263154158,0.0434235271899333,2.3949091762296604,2.094231469815196,0.0512755054375748,0.0,1.895997530435825,1.9524536796910728,0.0,2.3695619002355195,1.7300387058272917,2.5089457474176355,2.4018580543027475,1.0468745499601508,1.636100289152262,0.0,1.9312048615042856,1.4393900438228535,2.3792681673316274,1.6809398600454546,0.0369530774943992,0.0,0.0,0.0,2.4936032810126867,0.0,2.1744339441823426,2.2191772615047167,0.004685832806687,1.8956762952326145,0.0074091807599905,0.0,0.0,0.0,2.114106741205481,0.0045053543827462,0.0,0.0,0.0,0.0033189139628312,1.6336634922367506,0.0,1.972923162328745,1.2955900595656833,0.0196037094691631,0.0024807208372088,0.0,0.0,0.0,0.0,1.9415117362646508,0.0,0.0,0.0,0.084412692935033,2.3884020393307304,2.219287464197312,1.6458449562969044,0.0,0.0,0.0,2.1260712658052108,1.7242242950448563,0.0,0.0002375767721242,1.6939385473255033,1.9190966396828109,0.8255425217912543,2.2012273113044296,1.5105853604065964,0.0455762887358469,0.0,0.0,0.0,0.0,2.394781287022524,1.7360960149506064,0.0,2.5794607321221474,0.0,0.0,2.3495456419527234,0.0,1.7005354831866346,2.007473254310381,2.138667053780448,0.0,0.0,0.035601132677118,1.6253186753688402,2.2212330151911712,0.0166252745743993,2.738125116874842,0.0,2.8101726352655283,1.7117205348058626,0.0,1.3668675350710182,0.012430514121035,0.0,0.0,2.9001514210200368,0.0285479173465334,0.0,0.0,0.0,1.5115843042727075,0.0358138413553798,2.4411966720434486,2.03392377616664,0.0571799703248171,0.5640594860416009,2.6118287653025485,2.241021326042563,0.0,0.0034401008522722,0.1219063488640641,0.0,0.00586567712604,1.1338489451093543,2.021679835686975,0.8474779230309035,1.7577221880336171,0.0,0.0,2.5388904583384044,2.216927414746176,2.1670496254209284,2.024946637245056,2.28336819198842,1.2817283922817015,0.005077249569247,0.0024331420354638,2.1511615584031807,0.0,1.909459584457428,0.0011194740473954,0.0,1.7571794401524845,0.1313213112405338,0.2521635046756596,0.0,0.0,0.0,0.0,0.0,0.0010707500886035,0.0122494622966812,1.8591160052023847,0.0,1.7379088903647486,2.683719219951104,1.4218192928603313,1.4446341278013284,1.90635693214817,2.1288708995821404,1.5968703243190374,0.0145179106543549,2.057049272642636,0.0,0.0,2.44249257367546,2.695791487625121,2.145064423313184,2.151840996991219,0.0166555572054889,0.0,0.0313396544649532,0.0,2.6070414445741164,0.0,0.0942708955642486,0.0,1.6828408235370065,1.874877622069048,0.0003012149328168,2.0579865098451733,1.8776943291273305,0.0114264875757329,0.0068249174922283,0.0,0.0089920754718499,0.0,0.0,0.0090918211405325,1.6174221743083514,0.0,2.7203310058284385,0.011886059599353,0.0,0.0,1.9531751002812687,0.0291420153278831,7.229784763623727e-05,1.785522430956991,0.1157329740435331,0.0,2.540673002767717,1.856543993408294,0.0,0.0295903794271795,2.282860446769863,2.0667223793942164,2.6938594862545857,0.0,2.0559682894423563,2.228068944367088,1.7913981443176368,0.2809834907398496,0.0,0.0,0.0,0.0,0.0,2.665312317488062,0.2473236930555996,0.0,0.0,0.0,2.0328847754383896,1.4806191660075545,0.0,0.0,1.9088771877702424,2.054305298777939,1.75281628461339,0.1401442867310347,0.0,0.0,0.8520810474076032,2.3332140766975846,0.0136179494031811,1.4612173726119937,0.0,0.0,2.456123866846935,0.0,1.8529433069359424,0.0,2.1208126202044566,1.5567186709322578,0.0,0.1092255053622883,0.0078143729069978,0.0143314094265617,1.6217687753282368,0.0,1.9459233630467565,2.0507895468517288,1.8356725862348704,0.0,1.5948844064727103,0.0,2.338559805222875,0.0902595845937623,1.8323656337514145,0.0062552607845573,0.0,0.0273054871387366,0.0,0.0,2.130884880324792,2.638423456514164,1.6215783810358428,1.5302359249620687,1.6316037284633853,1.570650699272245,0.078780123162599,0.0,2.1911389887403203,0.0170219231456914,0.0,0.0,1.6584019451813696,1.9319889230261524,1.5707836781234192,0.0,0.0,0.0,1.918777470125709,0.0043218428787297,0.0,2.2833292495463136,1.898751983517684,1.5229885607116092,0.0521729262966252,0.0268445540885028,1.861196499147459,2.2079224841388507,1.7939239779190532,2.287736975142788,1.8337730542999475,0.0,1.7839887137298145,2.3390196271888075,2.0156366167189086,0.0,0.0,0.0,2.0697599854318733,2.85929505847686,1.8930424392245824,1.1122399697732872,2.0541492215696846,0.0026576007470417,0.0,0.0,1.8412657112485185,0.0010599079133982,0.0,1.49907750296742,0.0,2.3446117991511835,0.0,0.0,0.0,0.0,0.1927137092688189,0.0030866256465592,0.0,0.0,0.0,2.5262949893232056,0.0,0.1770022198063086,0.0,0.344899319121952,0.0030718291150496,0.0,2.1633383356835343,0.0,0.0057366475667956,0.9451905453345392,2.2135038792610464,2.008663845223277,2.1503484241086683,2.125598907294414,0.0,2.7302890099989177,0.0128059846147908,1.9963830798234448,0.0072543970209178,0.0,0.0,2.4193995118147664,2.4982883974820123,0.2077262452349385,1.3235974968578483,2.716804096087992,1.7590318371876077,2.6179644529649733,0.0,2.269285589776508,0.0,0.0,0.0,0.0,0.0104558047223268,1.7525312231438268,2.1023863291621683,0.0,0.0059587320127609,0.0636608611027507,0.0069692879534161,0.0,0.0155067924645951,0.0,2.2526656694155704,0.2689927974415962,0.0,2.528913289170052,0.0,0.0194931617240755,0.0,0.3235077060133859,0.0,2.1007079522996834,0.0,0.0428003393942313,0.0,2.542238489592371,0.0,1.7853614662905022,0.1084635881361088,2.53773853841412,0.0,0.0081479517103247,1.4705428014164057,2.128400559363713,0.007024105203699,0.0221612892905811,0.0,0.0,2.339749648231984,0.0,0.0,0.7217281577473591,2.1838639149180588,2.1902124528165983,0.0,1.4897103879282023,0.012295694873555,0.0067992160951835,1.4491748449424442,2.176183256088465,0.0078290097798512,1.9297524244248616,0.0015874498485837,0.0,0.0,1.8569255857775424,0.0,1.9310115027794987,0.0,0.0,0.0,1.6920317080334704,0.0,1.8211350635384969,0.0,1.7377812265970498,0.0,1.6963294015560413,1.9858546368013463,0.0,2.390349311179309,2.523976824900476,1.8807457754382728,0.0102572640375332,2.1569316947304595,0.1506897657648372,2.024591247293252,1.6358613162173177,0.0,2.293957011570805,0.0,0.3190508256744597,1.6519582144808322,1.8001325933286434,2.0032726950874937,1.9700171730465847,0.0,1.4845151580927023,0.0,0.0,0.2751482894406162,2.5087097594208387,1.7965562422609689,2.333398931994517,0.0,2.063513750066612,0.0708768982052727,0.0149827299411522,0.0,2.0009213900408502,0.0,0.0,2.0596407297823736,0.1634138413707604,2.3345837336715096,0.3410772898486971,0.0,1.975183145148792,2.247643678944096,0.0,0.0,2.435738461571297,1.744866224692636,1.5597211404325924,1.874769098783893,2.367292069484941,2.079252614021049,0.0,0.0,2.1719949349574263,0.0310864523517723,0.0081449366459273,2.230585880557626,2.1435965518652647,2.340294401253381,1.988165306055529,0.0,1.876461574798657,1.9283130934608264,2.207625315196565,2.194446756553857,2.2799841543303816,2.2374261406915483,0.0,0.0,0.0924556143547599,0.2028635643625156,2.2195418502044766,1.5899153396967511,0.0,1.8136155705075032,0.0,0.1785963963986315,0.001952774440721,0.0,0.0,0.0031659654252953,1.7470735301881355,1.9199626975828687,2.476306600282127,0.0126197572933499,1.3188057038917689,0.0,0.0,0.1306580613140212,0.0,0.1272236172399613,2.8187985664358486,0.0,0.5534834371384724,0.0,0.0,2.044566858379452,0.0015113744003314,0.0,2.6558309398897384,0.0,0.4604560556002149,2.196956848642833,0.0048095119916874,0.0,2.3221483834935563,1.6239821802226506,0.0,0.0081118264448117,0.0,0.5911026710922911,1.8109735718392084,2.2487226495588377,0.0160784265612579,2.2020300986360013,0.1695527117782947,0.0062073005061176,0.0,0.0,0.0191246960624665,0.4229355518766068,0.0,0.0,0.0188993761206403,0.0,1.9989034678105704,0.0007181004909262,1.5885490490900964,0.0030982007150587,0.0859037013724916,1.8653890599425231,0.0087947388749076,2.3371036209861145,2.057778100172239,0.0,0.0,0.0,0.0,0.0062668007714937,2.22480787650598,0.0,2.2449617833040767,0.4006134633341058,0.0,2.025433388660259,0.0025866002324063,0.0,2.339834040369289,2.1680023757588813,3.1765139242065463,0.0,0.0,0.0575472979029675,2.106644530850529,0.0,1.7061093368205331,2.0574399510107733,2.322838728732751,0.0026696945352771,1.7092162315473027,0.0,0.8452902116262855,0.0295445728672333,1.3033203891110408,1.817667049359148,2.1697054838284435,2.619466308795994,1.2502872182399751,0.0,0.9154066080621888,2.3191387523364257,0.8739018855559916,1.9817885954062409,0.0,0.6706099759187737,1.7841097121229383,0.0,0.0,0.0072344307225316,0.0,1.1451023951641524,0.0154750807103915,0.0,1.951175966113123,0.0,0.121167625364775,2.5284414500459484,2.0869066719966414,2.0034973231551776,1.4307691834778544,0.0091457641213125,0.0,1.5749339739977024,2.516744707193052,0.0,0.0,1.8348246432325768,0.0,1.9652267572682791,2.924260037520779,1.9345379970707857,0.0,1.868097571881394,0.0297451320588706,0.080448502132705,0.0,2.1107450983460567,0.0,0.0,0.0,0.0,0.1116488852496231,0.0,1.6594069140142906,2.1966192665625046,0.0,0.0,0.0,0.0,1.908984396703588,0.0,0.0,0.0083652009828258,0.0,2.165564556718559,0.0,1.6975974358992336,0.5401060714046854,0.0315807585444511,2.1856443041083606,0.0,0.015466790363324,0.0,1.8475695840997728,1.9033348883059524,0.119250006517057,0.0,1.87473280216774,2.4052146490631627,0.0962789800031392,0.0,2.1379573281434814,1.9876279288650869,2.4181909779540285,0.0,1.7765344995926584,0.0,0.0083092379340536,0.0,0.0,1.7149606342529715,1.455974209635034,2.250041343924063,1.8312037658561529,2.2266748654705,2.253757669486771,1.7078139290469072,2.148322492895224,0.1601375071076532,0.831347435106478,1.861975733987068,0.0902276906470359,0.0782111236242119,0.0,0.0,0.0,0.0,0.0003958687385251,0.0,0.0036791229620879,0.0,0.4841706195008044,0.0,2.0767782042948544,1.822058873465504,2.0139971397721315,1.5294888864051972,0.0,0.0,0.0,0.2074851168327514,0.3965448415726828,0.0,2.1772849773032177,0.1755738729949966,0.0,0.0,0.0,0.0884852294046846,1.994916437400408,1.6298603117160824,0.0,2.142779330476636,2.0123665038257244,1.943118225443742,0.0,1.7827090932906589,0.4338908546819965,0.0,2.103413925761932,0.0,0.1964918195505979,1.8787934845899767,0.0107261308669226,0.0208708472491515,1.8388809404122903,0.0,2.3791901401260804,0.0,0.0,0.0,0.0,0.0,1.9456048553428915,2.0094047154361907,0.0,0.0,0.0133923699467584,2.437059547645608,0.0,1.979897504606784,0.0,0.0,0.0,0.0,1.94117159286932,0.0,2.250255668443692,2.332693877291125,0.0790773976768808,1.90396040507069,0.0052622673725037,1.7103811643987112,2.1215705674085883,0.0,2.2224292605936955,0.0,0.0,2.14399132141391,1.848425101754643,2.4503966301065363,0.0,1.81202777505397,0.3100676014261385,0.0,1.5945644188905364,0.0,2.156176056752785,2.2886573814044064,0.0925838676177478,2.0113097324587543,1.7858161221130036,1.8497192568895229,0.0709650776532508,0.0,0.0,1.877068780122796,1.9479169143271204,0.0,0.0786336980493862,2.2202179066723184,2.935427211153964,0.0,1.0113481628296437,0.0,0.0078619227404653,0.0049049865472563,1.3065531885627328,0.0292037055764362,1.8152662060658948,0.0,1.6516825207076642,0.0086032034137054,0.0,2.299726280009769,0.0106267984003417,2.2015796077092253,2.2568484768924075,2.0812953164746952,0.0013698758795332,0.0,0.0,0.0119988578170737,1.9092937467335969,1.4433224114072365,1.8437426558109715,0.0,0.0,1.8694938935681944,0.0,0.4246418897981504,0.0624551598584478,0.0,0.0,0.0,2.2257501353335574,0.0,2.5995230981795423,1.4262419905267023,0.0,2.1034729327282022,2.085684188502209,0.0226944682729639,1.157222607788094,0.0,2.5520346395041567,1.6861980229882725,1.8699743678758496,2.071571401990816,1.7686735108458609,0.0026265383546508,2.5899202975007105,0.0,0.0113005160372529,0.0015758613363802,1.6269946157678057,0.0,0.0,0.0,1.944715365888248,2.0213769642657806,0.0,0.0
DKK1,2.521525651973984,2.405754679947132,0.0266209896503782,0.0,1.9452769655917843,2.073263083121694,2.510148042566929,1.9943211996223744,1.9839051322390304,2.5575997666522587,0.0,0.0081993451660016,0.0,0.0039600829967436,0.0,0.0,0.0,2.3920193169348885,2.4829259382236684,2.055535566016028,1.8731809702612765,2.2335024670429084,0.0,0.0,0.0,2.833949346738753,2.443258404808606,0.0,1.954749652963696,1.9006701788143368,2.215966739005341,0.0,0.0,2.0995420414587813,0.0,2.106890546669117,1.966377394113276,2.0649546564049968,2.2888193608756886,0.0,2.007612540815636,2.3046542550394107,2.725161828798921,0.0,2.2967885859910764,2.119179303371324,2.3518031302168243,0.0,2.1817596582485943,1.987391169190488,2.287018504862981,0.0,2.626603702810013,0.0,0.0062447558325517,2.4380771158885737,2.2537909834894103,1.9495789587642864,1.8484278317693632,2.4201261033165804,1.9606614836170644,2.1409170770479258,0.0,2.3218833380520136,0.0,0.0068046889913365,2.2020808690190794,0.0301371287129308,0.0,0.0,0.0,0.0,2.011037497468944,2.42578769676098,2.129968618844905,1.8754605462375669,0.0,2.2844506655661543,2.1365392194688133,0.6208506478689642,0.0,0.0,0.0,0.0,2.3820117906930336,0.0,0.0135524755738295,2.147115357381179,2.1515436539773685,0.0,0.0,0.0,2.6057578698819976,0.0,2.214781554208349,0.0,0.902571359097165,0.0,2.2837389294002857,2.404917123748596,0.0,0.0,0.0,2.369378437802136,3.6491550623262383,0.0,0.0,1.8920330968532209,0.0,0.0,1.89171232370918,2.125783874956111,0.012445163186154,0.0,2.297018783725671,2.14207450037368,0.0,0.0,2.4322865073358417,2.4789028547242244,2.1777760586675914,2.115817490252545,2.1294054166894383,2.2393819249493783,0.0,2.185726111141624,2.622214309151613,0.8587709396038888,0.0,0.0,0.0,2.254918705207019,0.0,0.0,0.0,0.0,0.3124808683404678,2.805328231439476,2.153926012704328,1.9540217784040648,2.123146955650129,0.0,1.952384752532432,0.0,1.9055253730077808,2.410179645667889,2.4369920382456107,0.0,1.9596752557039925,2.0427138486493166,1.8800661666546368,1.949873067040868,0.0,2.6525293998284747,0.0035884748808314,0.0160096913884112,2.060117298208544,2.541230119177228,1.9577183137776888,2.3008042817842727,0.0,2.066876138747783,2.195320430654316,2.1459182655657347,2.3226103475662048,0.0,2.4506458494988754,2.1985797404550755,2.523599720945345,1.4608007820892817,0.0,0.0,2.4022395862460098,2.0041556027203984,2.26773876979066,0.0,2.077792785511136,1.874678405438372,1.8881047245119336,0.0,1.75362380428747,2.255135327388756,1.7397873368474983,1.8114098001918704,2.7615164555936578,2.0062071448446392,0.0,1.9186704051207264,2.5014473043784675,1.9257041213165933,2.0690233632386503,0.0007094256584661,2.4535478045576653,1.948715888577052,0.0,2.161351875054326,1.8060324135794328,0.0,0.0,0.0005903157495997,1.9898234588478445,0.0041159552781545,1.4882806448272847,0.0,3.121416721786868,0.0,0.0,2.285470349174309,2.215628916774212,0.1483665317459186,0.0838400996780505,1.5977452930718348,0.0,2.183218659016154,2.0998457407777966,2.2512060113371826,2.044879351393192,0.0,2.060040927118876,2.3036847754446783,0.0,0.0,1.933645049002736,0.0042339399174449,1.491085046930248,2.5552325022961755,2.3263118858345133,0.0,0.0,0.0,2.0659044100973736,0.0,2.155250014097013,2.3891328681079944,0.0,0.0,1.9776056369018,2.41051802845456,2.30802565796692,2.3323877417540766,2.462785537996369,0.0,0.0,1.9000321127920927,0.0,0.0,2.014696514087581,0.0150838922576223,2.8362016402682664,0.0,1.997629717234516,0.0,0.0,1.972680292803936,1.1101548775073282,0.0,2.1123988738657142,0.0,1.756609372867333,1.9475969132803337,0.0,0.0,2.2655842969548496,0.0,0.0,2.0377461974026194,1.9585743368517552,0.0,0.0,2.2240691281344738,0.0,0.0,0.0220753264632615,0.0,0.0,1.777486424067659,2.4312193070598904,0.025448973780185,2.0319506419025166,0.0,2.4358926660595404,2.62349235009018,0.0,0.0,2.044273653576064,2.228691587882361,2.201580333678221,2.0835897155852847,1.9773426376982004,0.0,2.803666832677291,0.0,0.8830114253848106,0.0,2.0748833677656733,2.031142160719257,0.0,2.0622294634472205,0.0,1.1089363771549283,2.244713653536796,0.0,2.164742128717535,1.9422799711690475,1.9898471180320327,0.0,2.4454333286822947,0.0,2.254970194982985,0.0,1.2361097055242578,2.008823098260804,0.0770086947202272,2.269351326099748,2.030474188532722,0.5852181498398795,1.999810739766584,2.128584446420619,0.0,0.0,1.9240780703925928,0.3058281469503449,0.1895567918747885,2.5944313815981968,0.0,2.194683954790797,2.5304149994275225,1.8605384203524429,0.0,0.0985619402472233,1.9250235652917969,2.0442093862511417,2.1102182979415334,2.572012701322643,0.0,0.0,1.9757515262945893,2.2113542654594256,2.268124240139851,2.586123806926703,0.0,2.2271336480774817,0.0,0.012888155544354,2.3183464973319627,0.0,1.931770685809583,2.615332189842193,2.229258798557475,2.1372209269222937,2.316440882777226,0.0,2.102431773410165,0.0,2.37662745277938,0.0,0.0,2.1268774679445714,1.8251081371481328,1.8861368800297829,0.0,0.0,0.0,0.1445839745873913,0.0,0.0,2.160562271549564,1.4871893914807122,0.0005338590515092,2.46250743475582,2.477998445553085,2.2392713065493144,1.898967888283056,2.1656039876442463,2.0284692620967166,1.959703132615296,0.8092138517854696,1.476917776478835,2.5277589691549114,2.2309464502866776,1.9174896327897664,2.621510846132694,2.210868521863316,1.738828934689664,0.0113206056176513,0.0,0.0,0.0,2.2283490172237945,1.8482518160716148,0.0019482829344612,1.9308770288528752,3.1002380896580912,1.9261146595721208,0.0,2.1541596417943123,2.694096002623428,0.0,2.250296256368585,1.277982421824487,0.0231382944615158,2.030180684377996,0.0,1.4406347053515929,2.31819972767796,0.0,2.232956741547708,1.8659448740709896,0.0,0.0,2.5512019346035384,2.383652523507496,2.058028471469516,2.0101531063799856,0.0,0.0,2.1181228620347787,0.0,0.0287339872162275,2.093402634037975,1.8672049213818875,1.9417998317934075,3.3234863429238346,0.0032965386603081,2.5509410501348007,2.1549219194296083,1.9268615693772864,1.8584566882684856,2.200346271926833,0.0043113273022318,2.125973415767214,0.0,0.0225491512519969,2.207103006193304,2.308078456845198,0.0,0.0,0.0122043363549144,1.9342860944406053,2.453128775001664,2.438162547956849,0.0,0.0,0.0,0.0,2.3807131516263893,0.0,0.0,0.0,1.9063225127982844,0.0,2.048312185389536,0.0,0.0,0.0,2.4526114948520776,2.6086672460162923,2.1253081433377905,2.017741640616263,2.1182901718077694,3.01968745660346,0.0,0.0,0.0,2.1238465052889226,0.0,2.092173192296831,2.108101884568592,2.1060934940717546,0.0,2.625234015039974,0.0,2.2572764541815062,0.0,2.095524077751936,2.29944381046512,2.381103674462648,2.1739779069258027,0.0,2.555706515341552,0.0,2.262326693628598,2.360419954996901,2.033224359337033,2.893021758779058,2.1918701306119943,0.0681393906146049,2.2067807233170487,2.119980461977461,0.0,0.0020938929888086,0.0,1.9697998125018683,0.0,2.513172863509313,2.438579987080224,0.0031223405067808,0.0,0.0,0.0,1.8821526540476607,2.291935321370228,2.8119805177186445,1.9576499210281129,1.8434296713641407,0.0,2.0247964650769754,2.24651281475965,2.212256674914811,2.144767778852975,2.421507019127727,1.971404891785319,0.0,2.774363980508112,2.3847202083251062,2.6806237300154696,0.0,0.0,2.210456215897078,2.1282796607863568,2.350731636340845,2.497618336128945,2.561320944399996,2.0641896834705915,0.0,0.0069153467057578,1.9661945855944225,0.0,2.060969329296066,2.0828752776182022,0.0,0.0,1.91094429868542,0.0,2.0097858596665925,2.246695129021194,2.4982192932371783,2.496952222919015,0.0,1.8895802555960264,0.0,1.892255650533416,0.0,2.229891023449902,2.004869702063557,1.4614353827045574,0.0,0.0,0.0,1.9902427674068035,0.0,1.8695201860941824,2.7969782267364125,2.166513048231195,2.1684025262838578,1.7142620028698676,0.0,1.9859077756314256,0.0,1.5659469655126224,0.001752123197001,0.0,0.0,2.295630584900638,1.323055304097095,2.7594333093478083,1.8452583147087949,2.224007658771922,0.0,2.5527605052988345,2.3940892867659462,1.9742769361054853,2.2136756129068584,0.0,0.0,2.0200806763000747,0.0,2.4844090189016543,1.982943165723512,0.0029355987704864,2.0449793713112023,2.392595944099395,0.0,0.0,0.0,2.00826152921288,1.9669108006350169,2.23561787906688,0.0,2.2914179347832366,0.0121140360875773,0.0,0.0,1.852443525712809,0.0,2.290887727810477,0.0101808309954115,1.9266510508017856,1.9220529753700224,1.9355337051249115,0.0,2.524308977574285,2.054879091796632,2.0534223118762127,0.0209177299839183,2.7840810645651106,2.425824775867678,2.232926263827455,2.4632847493167307,0.0,2.2813489468742336,0.0,0.0,0.0,0.0,2.4620016270705305,2.501571389423573,2.2440035632159057,0.0,1.9751384370309564,0.0056328971847627,2.0386482012751923,1.981624097357664,1.8029439461276595,0.0,2.0423609954883464,0.0,0.0,0.0,2.2533334100930893,1.8056253271267904,2.3771540491035736,2.271368599775636,0.0,0.0,2.017382453991745,0.0,0.0,1.848790372413566,0.0,0.0,1.9077848094093213,2.276619764315432,0.0,2.5717047300079416,2.4319768081548347,1.8651053514884657,0.0142165410551913,2.1857781988338982,2.042242943266896,1.9578620517193128,2.0103976714338088,0.143802212456154,2.0235803209675187,2.089902480249377,0.0,2.4488406320335425,2.0629390838228736,2.0024581325364044,1.891602669225416,0.0,0.0,2.8798219477821,0.0,2.428503917060049,2.1611711298653864,2.206620139290964,2.0304677815417134,0.0179180791459703,2.2664975887145733,1.9710120418161232,0.0001558061700976,2.6889546280423366,2.514675081107704,0.0,2.321565186277261,1.859248149223816,2.04962179274614,2.229385900458332,2.363392934099464,0.0,2.1310514939285947,2.13871843163666,1.0134064941286272,0.0,1.88692319329312,0.0,2.9333554539567777,1.9306350531206729,2.17493133568445,2.244268910280896,0.0,0.0,2.1459253106711795,0.0035411905816181,1.7333591250077556,1.951241747216306,1.945472052486532,2.2265526932747166,2.0425771227618994,0.006477620975987,2.31717134182157,1.3814475308053829,1.883314757437832,2.8950350876448248,2.482696193137978,2.3568401345754832,0.0,0.0,0.0,3.121881609697952,2.297488451019009,2.262821299284167,1.939070043355716,2.3305902376113643,0.0,1.8533075631575149,0.0,1.7436862365941073,0.0,0.006974827647231,2.211258600274259,2.187484450207079,2.2339007033165568,0.0,2.3595475855930705,1.8695628843918608,1.919187141032846,0.0,0.0,2.2272633352172435,2.1837173471578137,1.942140559362096,0.0,2.0537311187338205,0.0,2.6289938476253085,1.8668611059455105,0.0,1.6494509251938907,0.0,2.4097410084265287,2.00541877427939,1.986486604975542,0.0,0.0,1.6266183355376291,0.0,0.0,0.0,2.467064144059897,2.5452958854161154,2.069686788634018,0.0,1.9861420730147032,0.0,1.5515447976288506,0.0,2.2150711466180883,0.0,2.157850497304464,0.0,0.0,0.0,0.0,2.403902126553765,0.7929742073479829,2.570286102007575,1.0399251260094104,2.5726562221030047,0.0,2.726473601809156,1.952176750428384,0.0,0.0,2.7671481140933625,2.083689446578433,2.502508555601513,0.0,1.7817941776375634,0.0008530706918935,2.351389538910081,2.1740211406987213,0.0,2.7104337156393736,0.0,1.88149316049318,2.459385387687387,2.9298659603547765,0.0,1.5884789716622596,0.0370388518609575,0.0,2.4606677689205245,0.0,2.428083657874552,2.539766089259254,2.716716037480269,0.0,2.495531040634936,0.0199229388223841,1.966546308572315,0.0,2.3574886872151213,2.5547003704577382,2.328570178464908,0.0,0.0,0.1445471435839817,1.3792488027069365,2.5066155344512486,0.0,2.4102346687388088,2.2953800440490832,1.9084897986206808,2.075616612976718,0.0,0.0,0.0494968087489385,0.0126782390661403,2.385596022496136,0.0,2.038824537361833,2.5796093528152952,2.563472742685583,1.995218303466189,2.2413059763849823,2.128106048151056,0.0,0.0,0.0,0.0,2.3327663948741697,2.09332972705941,0.0,0.0,1.9922132976498943,2.287057566353058,1.7322420624080732,1.9582368887242847,2.076117428461647,0.0,2.6121603795661765,2.2567719751390567,0.0,0.0077221393157841,1.8368471526627028,0.0066689206906032,1.9160287568615184,1.8570477492314528,0.0,2.0837780443820386,2.1197579944910534,2.7926077702663674,2.103294380138942,0.0,2.4358736543691,0.0,0.0,2.71865695232139,1.5117919176210408,1.0053256821503578,0.0,0.7884985781741676,0.0,1.882772901436032,2.093532089829768,1.6221417600687251,0.0,2.17045706204988,2.260417906240108,1.967880586358232,0.0,1.9727851612943663,2.500868363132544,1.7260021595670243,0.0,1.9922835792275864,1.8963603251056889,0.0,1.1413084872496904,2.675990789384723,2.392084627972458,0.0,2.163109577935631,2.3307994609804674,2.4068282340921594,2.783278152952746,0.0,1.8497675860238776,0.0,1.5355016361306593,0.0,1.994296598120864,2.1820677588023485,2.158150253032553,2.5414826029703765,2.550829724894049,0.1873950524917,1.9430041260970148,1.980796845905936,2.0751932041186745,2.3065651567838303,0.0,0.0076623107836376,0.0,2.098434745889922,2.619710568734956,0.0,0.0,1.9109983924386096,2.0032907996887346,0.0,2.028844718171901,2.063287445310128,2.4923314182145115,0.0,2.529563145395424,0.0,2.303725998004578,2.11696670865617,0.0,1.9402053827194023,0.0,0.0,0.0155790866294712,2.0217835887630047,1.6315934385788795,2.015350310367765,2.3382452459656093,2.2603917165201444,0.0,0.0,1.9860996247626208,1.7846071677114457,2.0469354793135195,2.3689339822502777,2.1180202658225125,2.2631559243627075,1.6824395096965343,2.4589451735106307,3.204310071575194,2.607964780406028,0.0,0.0235313499609577,2.173316487281555,0.0,2.1789487102468583,0.0,2.349196425447403,0.0005109902785869,1.8590309317829368,1.8461159462312304,2.325754917599002,0.0,0.0,2.7558670383299035,2.1349527179233228,2.390847354710642,0.0,2.3475321399340907,0.0,2.229893061021813,2.165097254656456,3.0469798133905903,0.0,0.0,0.0,2.654256275057351,1.8602439222525111,2.070027242269523,2.2550621597132228,2.0640926135740143,2.1440770591960585,2.2901549853923138,2.2113484299782127,0.0,2.1985373293174164,2.4410844321585534,2.377011456736036,2.318628594551204,1.96380209507036,2.0062110056009628,2.850710932147447,2.3771270296260267,2.0349708912199027,0.0,2.277428927570102,2.338984812417692,2.110289228548501,2.3194138404555225,2.1394340866258283,2.260270572735472,2.4176452860247584,2.2697735030202475,1.4438512817279798,1.847510623410172,0.0,3.2534543100989484,0.0019573156228529,2.3832307095255163,2.103958105429823,0.0,2.46253518878244,2.2186074599740744,0.2628991201965107,0.0,2.1353134842946666,0.0,2.384205277202472,0.0,0.0,0.0,2.4900748764250937,2.363258036104096,0.0,2.2113734462004007,2.0480191919506976,2.0242544953297865,2.5170821437425848,2.179351319154633,0.0,2.3399401203249344,1.837555964400796,1.950094194405117,1.5790500125836815,2.415999087316348,2.708347158056026,0.0,2.4621809921856737,2.136286868899052,2.349821664352276,0.0,2.062426464280517,0.0,2.005808236138513,2.1868547963644955,2.0270752971281683,1.8174878362960585,0.0,1.8760831570249432,2.623748039508545,2.569803159848766,2.0599709518801737,2.0558376260602977,2.1549101625126235,2.423720407008509,2.0513996131458847,2.152214903328132,0.0,0.0,1.877182364151358,2.208961226371792,1.7733567308192764,0.0,2.3536184820100083,0.023721505392151,0.0,2.5806288082085347,2.5156826330294133,2.673745531477493,1.9081138496585368,0.0
DMRT1,2.655344207705032,2.2529044213890907,0.0011879754561909,0.0,0.0,1.7792209489096364,1.97736631512892,2.037151914195992,2.7497038799219844,2.19079977385682,0.0,0.0,0.1685751175253778,0.0,0.0,1.8495655476289687,0.0,1.91080066882709,2.514554586651608,1.959168736634144,2.844835990179919,2.538344877021648,0.0,0.0,0.0695406773384247,2.2763890232934667,2.214855787426329,0.0,2.0822544347656105,3.0632811442187413,2.9395554088440674,2.4728870225446875,0.0124416618948107,2.256287411915519,0.0,0.0,2.479441726347283,2.17652579821936,2.274386931199376,0.0,0.0,2.3656728306814547,2.5110804176042665,0.0,2.272559191594832,2.466347726791456,2.127517817864184,0.0,2.6570752515869103,2.054517062821713,2.2641679365396548,2.2028602227590217,3.4378139039167768,0.0249664581103433,0.0,2.2485700515341747,2.1470106816097383,2.579340316800037,1.9403600332129305,2.4011604818828847,0.0,1.8451077992101967,2.044844064379879,2.7306514087921467,0.0,0.0,2.07396259245507,0.0,0.0,0.0,0.0,0.0,2.252124457290386,2.528760906308825,2.112534126371444,2.351216678362306,2.0085265590927848,2.0513724577303707,1.863086423630889,0.0,0.0291048023012565,0.0153507141567799,2.0120532932251485,0.0098063783527085,2.3661641390828234,0.0,0.0008795398711508,2.610707198605513,2.558686648565025,2.0887077135800816,1.6002044967933498,2.4279300091983425,1.9237834043181967,0.0,0.0,2.3736714822092764,0.0,0.0,0.0,2.085711837159771,0.0,0.0,0.3232097446551493,2.2557478266851283,2.6036319546178794,0.0,1.3963382821524557,0.0,0.0,0.0,2.9383079835774586,2.035522228441533,0.0,2.211018226166832,1.962599220497785,2.5302182538943474,0.0,0.0,2.462056484090216,2.039946757466737,2.1513487026659703,2.7573654461167814,2.3909517773513302,0.0,0.0,2.226842086560725,0.0,0.6626593516480396,0.0,0.0,2.4529382719374446,1.8498588944740448,0.0,0.3586550116618139,0.1743078596347448,0.0,0.0,0.0,2.206105336831996,1.5844711465040824,1.9492798356472945,2.227178173579064,0.0,0.0,0.0,2.3072258220566075,2.706566701509673,2.215522535643415,2.909953953552247,2.3164351249256323,2.2234022197154912,1.947225226561704,2.009117147524248,2.071917441198216,0.0,0.0224377628401506,0.0,2.6480941763841725,2.1609940675716355,1.9891825435105388,0.0,2.7052964394551786,2.1759465484675964,2.4100569782004686,1.6786180191090043,0.0,0.0,2.0667837961665847,2.3998428008154065,2.526582513997905,0.0,0.0534633976444714,1.7065474157057088,0.0,2.298659300117271,0.0,1.935171958121478,2.371886864281404,2.3848696211956244,3.1137082047711355,2.026276432926935,2.1772385733008264,1.927439303280776,0.0,2.192995776697565,0.0,0.3173803502642345,0.0,1.8480328950052949,2.2441224810134326,1.5459248057827255,0.0,0.0,1.8746310235679988,0.0,0.0,1.8606917419989948,2.1198015278704587,0.0,0.0,1.948486314676722,0.0,0.0,2.3747075760509886,0.0,2.036057058344096,0.4830472964264281,2.277172232908621,2.145254266881038,0.0,0.0277862514392597,0.0,0.0,2.374074003424855,2.143910625621035,1.927047528325348,2.238175072891909,0.0,2.8046902119342723,2.326085680742778,0.0013220474751818,0.0,2.8872683538135915,0.0,2.519567585282566,2.201055698785704,3.123643676266563,6.677372215603703e-05,2.789175941350888,2.314791924135253,0.0,0.0,2.259361346031727,2.4962506361455192,0.0037573157467473,0.0,2.0415385847139893,0.0,1.5694882025172068,1.857971060877624,2.7909655499393744,0.0,0.0,2.292631473111589,0.0077372462283112,2.0531044835093004,2.017815403952619,0.0176385197813355,2.1901793481646266,2.159783939473112,2.3014048320960447,0.0121838646178786,0.0,0.0,0.0,2.2644466279824385,2.030122112911136,1.9688252705195053,1.6743907137303178,2.9676022018581496,0.0010779593435582,2.5327608376180764,0.0,0.0,0.0,2.265612074562521,1.6921871886312156,0.0,0.0,0.0,0.0125727817220503,0.0,0.0317442446606354,0.279877382386124,2.13854567714506,1.92238490886783,2.5969937371721312,0.0,2.246620602967209,0.006813275816783,1.902971479007624,1.936096558676213,0.0,0.0,2.4594864272133043,2.5365939172693635,2.6703238097317965,2.5366727875028454,2.334920338337424,0.0,2.103702880441661,0.0,0.6449961048607312,0.0,2.214074879514285,1.9731665787501689,1.9842764712835017,2.645209945206193,0.0,0.9630409787964936,2.826299145456624,0.0,2.211615429534851,0.0,1.5197831894084288,2.032279014096301,2.360050969759078,0.0,1.8952992631783685,0.0,0.0,2.4474814814562453,0.0,2.167813189092403,1.8715510319789388,0.0,2.5039544609702946,2.0495395994991705,2.131528525336168,0.0038716372988859,2.627371586540012,0.0,0.0,2.0772400146689463,1.3599496458283724,2.026103694230548,2.076076602912996,2.27301776973824,0.0,0.0,2.8073295467550565,2.417370045797765,1.8629064229597216,2.9426191010910348,0.0,0.0,1.940602388039812,0.0,1.7681086331332427,0.0,2.7830373273702627,2.3741521982189515,0.0,0.0,2.476346047174556,1.9519018710894165,1.0389378867339776,2.645786858379798,2.109434075186726,0.0,2.159086017102072,2.0555006001310585,1.7197110484084048,0.0,2.299416448191121,0.0,2.239540067805773,2.2515484493949827,0.0,2.6539082577345563,0.0,0.0,0.0,0.0,0.0,2.109930262114304,2.0664623731836627,0.0,0.0,2.3835798953795586,2.3075967377956697,2.4328437777051386,0.0,2.57003371168118,2.198767192333368,2.138746755632276,0.9483640308378573,1.835865821162288,1.86365254262514,2.7089660372722912,2.5543828444925505,1.9333158924893368,2.1725530082445457,1.9817848750316245,0.0,2.0401169702513333,1.3426330015290904,2.1088792851879496,2.0890660959021448,2.041403299609593,0.0,2.0287087824807903,2.382987436814645,2.249685544401949,0.0,2.266271223641384,2.4781120109068824,0.3376616346134821,2.1705067993861054,2.015566430966406,0.0086947562139144,1.5189038213658466,0.0,1.724882285310044,2.4068697852037646,0.0,1.9144857935848831,1.7443274625835434,2.1570617180991234,0.0,2.09311778228664,0.0,2.3645214383048496,2.1574764009492835,0.0,0.0389264766917611,0.0,2.553954255188812,0.0524521471029068,2.18364691821278,1.8551013626187456,2.2188296201132203,0.0,0.0,2.388463725482002,2.186418923159594,2.301105099920118,1.959968069565981,2.0131317438626954,0.0,2.078364472154466,0.0,0.0,2.3384669699567024,2.098846061763377,0.0,0.0,0.0,2.2117529089120374,2.2403918037292603,2.2073534655764933,0.0,0.0,2.1480039928730306,1.845113806361576,1.902131013017988,0.4045309886533065,0.0,2.1104849504053025,2.2589219241427605,0.0,1.6798585978355962,0.0,0.0,2.351687931869376,2.3901373252024154,2.354161939820989,2.455611449392501,0.0,0.0,2.1005363130422063,0.0315560523468948,0.0,1.6254673196932252,1.512888672281829,0.0,2.18557429894175,2.12958167619481,2.150683803951936,0.0,1.97998063077822,0.0193327267385035,2.4380756513497324,0.0,2.9152852429517897,1.955027608026381,2.0268522599449725,1.977297656966816,0.0,2.296333299099252,2.070030944859083,2.0748718180998043,2.241615296900865,2.045819562095126,2.322922494722204,2.683376564109752,0.0436023339126995,0.0,2.538456430482734,0.0,0.0,0.0,2.300157904413088,1.821032356756346,2.0697867368037173,2.590686066434736,0.0016402212700523,2.68964819130086,2.346932140745829,0.0251117477696927,0.0,2.1788758661858543,0.0,2.0822554545820995,2.109219378292946,0.0,1.733625014533691,2.113756722385374,1.8250698468321185,2.252567983165535,2.2395782020927286,1.8927152439724,0.0,1.9406500256014176,0.0,1.8564738198890247,0.0029106102423063,0.0,2.5542150126994474,2.2673905890319883,0.0,1.6517428257408922,2.095210371910812,0.0,0.0198667589358802,0.0,2.6491570672526747,0.0,2.1460286236392063,2.12431830512034,0.0,2.217831693374116,0.0,0.0,2.238326010602951,1.9623417285959173,2.28172835267818,2.1131647133071483,0.0236100609146816,2.5791328516151664,0.0,0.0,2.194108762144999,2.05938184856437,0.0,2.138015461408408,0.0,0.0,2.50247882037248,2.085666149170293,0.0,2.741092844334486,2.153808571240481,1.8616029144504,2.338667848972276,1.7273201408736258,0.0,2.4923782797583454,0.0,2.011731612227353,0.0,0.0,0.0234231593864525,2.0810825930807115,2.493103598806244,0.0,2.2143277033824456,2.8383946198442698,2.267729744766678,2.5031727998085254,2.500423054305875,2.242657753606605,2.0864452610753568,0.0,0.0,1.9901097719602123,0.0,2.079039778380233,2.9519117881452326,0.0,0.0,2.441844419327205,2.213530813282804,2.3182536475455726,1.87367951928968,2.204057413718905,2.159755503063924,2.2902069749360368,2.683599626091277,2.1821569461503643,0.0014656526876643,2.5909624220644187,0.0,2.133178029846079,0.024866665230125,1.988858929430041,0.0,1.6572186407225469,2.2759988169135745,0.0,2.345967504250789,1.8778720591355416,1.9216587938031768,2.4861336556454026,0.0,0.0,1.8706479688101545,1.6700574328503384,2.2408458966401708,0.012795002785694,1.8994552799925488,0.0,2.2222708406719978,0.0,0.0,2.2395945846397205,1.6261986904168704,2.078919250476028,0.0,2.0181902466707,0.0,2.5995054695378133,2.2189638269385705,2.5495636241535733,0.0662378805519166,2.098995716903404,0.0151875301409469,0.0169883335324086,2.486609582664449,2.005307816058377,1.9312892313622168,2.465468698310167,2.2797051290297827,0.0,0.0070495610931077,2.4250175082977616,0.0,2.045151790625916,2.3291216068149034,2.6207221778697547,0.0,2.4867409303032333,2.4912375153390203,0.0,1.9526140718375848,1.9308308844340536,2.6430252486273225,0.0,2.1294537181655144,0.0,1.574464696917894,1.7842744784355578,0.2650412999699654,2.235903677959296,2.020511682820448,2.426990245601252,2.3109461030489182,1.9387417328060776,2.9335440271980486,1.9558930730177968,0.0,2.5524508007496536,2.0406879961076685,0.0,2.8214475849274376,1.9673407911295864,2.3854405058845263,2.4179463044050253,0.0034816422813244,2.20216848124326,0.0,0.0,2.68266516997418,2.3171847276350888,0.0,2.2586469812951817,2.1692380019737003,2.0897561793902484,2.2277455778305604,2.194075047218943,0.0556763946436076,2.041498308551117,2.2202516867310043,0.0,1.4855326429121216,2.1130446272955044,2.4420214270966043,2.289927442001684,0.0,2.045845790907717,2.7765775503302272,2.2505720461461203,1.1850399526544158,0.0,0.0,1.93687882432845,1.9724759867635968,2.450324437332466,1.965421025478315,2.594340294776062,0.0,2.2969333073084828,2.6755066658792,2.140656403541356,2.4133599475263168,1.9783111938715097,2.169210519655275,2.1167895165710124,0.0,0.3934743405985994,2.2166622491667107,1.8063154250793607,1.86512258402662,1.8960613127082588,2.1415087491458182,0.0428554644246384,2.301646352807235,0.0,0.0,0.0,0.0337262861120645,2.2014727310735287,2.412342146599351,0.0,2.156151000368424,2.2440031722339606,0.0,1.7267729294390892,0.0,0.0,2.4683990191439946,2.47585653007111,0.0,2.382186848447716,2.079625575206519,1.9854317737535137,1.9777167938023776,0.0,0.0,2.0599319150260267,0.0,2.1076748151224813,2.450345253711948,2.2025723782582505,0.0,1.9118867008862748,0.0,0.8332663778039482,0.0,1.9046821277840544,2.4014829600623244,1.9773113799641933,2.6198581440062494,0.0,1.8628823605230065,0.0,1.8544932916266024,0.0,2.0814918925302712,0.0221170488959637,2.0724343607106177,0.0,0.0,0.0,0.0,1.8141299833654068,0.0,2.044490375485851,0.0,2.385431419644134,2.8743927824904136,0.0,0.0,2.1615997055106733,0.0,1.937641790747222,2.4422598860295706,1.922840420019387,0.0,2.1592061003413727,0.0,2.0785674198325568,2.0487639452997777,0.0,2.138458698309276,0.0,2.132566913879532,1.8883758821427352,2.3268358351938985,2.2183438477717337,0.0,0.0,0.0338384920312337,2.0607958355716383,0.0043783872475527,1.850173897930533,2.2175246743682817,0.0,0.0,2.3395065676854587,0.0,2.040216020118008,0.0,2.461628855149584,1.7624559132254458,2.1811079529006707,2.1804785166249467,2.229840007186865,0.0,2.5840761711251647,2.2300222807714984,0.0,2.280028276197894,0.0,1.9521956804428924,1.9142324899510688,0.0,0.9208433308348386,0.0,0.0078197928411004,0.0,0.0,0.0,1.9256179616216589,0.0,2.0958409272582856,0.0,2.302119905807756,2.616032269810609,2.368722414966014,0.0,0.0018660688380469,0.0,2.3414649652286856,1.300434697536668,1.9079646433240207,2.3363367474953414,2.6778068552250227,2.4114628002059484,1.9097389136685616,1.941400728110896,0.0252745057418043,1.9646117579348683,1.8591074586623768,0.0,0.0,2.092015823094618,0.0,2.260227150394376,1.9745934324702628,0.0,0.0,2.6265695934477624,2.2425426840624128,2.25080395738092,0.0,1.9366641762732448,2.4044807240572785,2.229365403769401,2.1408972408459945,2.189169763235197,0.0,0.0,2.051518188850467,2.5064316290385484,2.275044605719112,0.0,2.482814753827168,0.0155109837344835,1.8298962211762333,2.5216230416339456,2.7920291248227653,2.4380727832672937,0.0,2.8893146036401887,2.0985707164237564,0.0,1.990753119273452,1.8780002481526736,0.0168246958530168,0.0,2.427328820397832,0.0,2.02302128639805,2.4552542285487853,2.032027775875624,2.9171584761183835,2.036605028642728,0.0,3.0487143422740792,2.2950419173372527,2.510024543884896,2.2934968765500696,2.287165727415616,1.9041703548853413,2.1237182969924744,1.914801608996011,1.9645305157890511,0.2691807137480554,2.5550908945297346,1.5568040444587212,2.409107235656843,2.3851083128682733,0.1759874769015684,0.0442421637199457,0.0,2.1023345766700534,2.366622161196647,0.0,0.0,1.4050599352396431,2.2230834377114146,0.0,2.5206269059101483,2.6139628634558543,2.0173165381341365,0.0,0.0,0.0,2.1719361338019256,2.029692654873428,2.322856907522215,2.5764019080510656,1.8591149447819435,0.0,0.0,2.014305262639424,2.4481809592957866,0.0,1.893166708339404,2.1214364878884795,1.7736671257977032,1.801632959485716,2.2379190552933808,1.7688849985063948,2.000282725027749,2.3993370896429007,1.978116032711444,2.0542868334645967,2.613212133669069,0.0,1.8898931688214016,0.0,1.9793655217448256,0.0,2.2419997936216323,1.916254958575828,1.7665754759684769,0.0,0.0,0.0,2.0932720153709377,2.0919205657731506,0.0,0.0,0.0430366859761392,1.7040046589482556,2.0400033631727466,0.0,0.239417580655047,0.0,0.0,0.0,0.0,2.0220892137176407,0.0,0.0,2.945907601490976,2.228891151093145,1.9630154945118472,2.271313870449944,1.9940367757230104,2.2286451602919315,0.0,1.925504825036394,0.0,0.0,2.3413856924572336,2.35857361675264,0.0,1.756975539331459,1.964012153347812,2.52826859123213,2.119102637583321,1.878304248614262,2.3725537410719792,1.887723095116852,2.3677699648496064,2.732451636180432,2.454688328618161,2.1847260053221293,1.9086042629499589,2.1443361134461565,1.7563668571093338,1.9532442785182933,0.0,2.0749756078020383,2.2427173689444504,1.9885722424446963,0.0023978123771763,1.8723119919143032,1.782677255456432,0.0,2.3827465229361566,2.490376105140783,0.0,0.0,1.951558400681093,1.7900092288394238,2.3171191082846776,0.0,1.8714464317369908,0.0,2.335193996395561,2.003852584933393,1.97615893436288,1.7876327613976932,2.314756281752704,2.7549099150000824,2.1188705160108263,0.0,0.0,2.1067633144454465,2.805743235900513,2.070269036154518,2.0860365328895387,2.211061338720236,1.826232327297994,2.287543690865252,0.0,2.2270388689694456,2.242239949848928,2.2674822446890026,0.0,1.892516498316681,2.1648348881485804,2.427489230830872,0.0,0.0,2.146091905089678,2.5556287986815898,2.528644900817345,0.0,0.0,2.653961316346626,2.014345777635972,2.1912588893525817,2.1759888479820275,2.3656058040024344,2.1879527659191766,2.728768912331108,2.148976051046392,0.0,2.041673513767038,1.99417896669513,1.5336338153286724,0.0,0.0,0.0,1.9865277419969096,2.6851897197938466,2.481526627460985,0.7354717600128704
FGF9,1.5262290295388548,2.311734547980805,0.0,0.0,1.661820421850826,0.0,2.4752774926396937,1.910936389608333,0.0035842780478385,0.143672282538929,0.0,0.0793824029522726,0.0125020205936474,0.0,0.0032188081142686,1.8358761306709128,0.0,1.6912129189751466,0.0,0.5693558157749994,1.7677503408245343,2.3598995701952594,0.0,0.0,0.0005394459573973,2.474912623639748,1.4149821085577226,0.0,1.964767015002072,0.0,1.6507266925911688,0.0057506023391178,0.0,1.3780989192460344,0.0,1.9524885052010728,0.0621487606387066,1.897333659558045,0.0,0.0,1.7204351105783369,0.1961390831095879,1.843724396835072,0.0,2.036223924793366,1.5721704339618574,2.3250430459273703,0.0018430487445878,0.0,0.006648195085015,2.3407657622663502,2.3297517159150685,1.7655113889951703,0.0,0.0,0.0876741827395898,0.0,2.135544663341965,0.4442557266096635,0.0,0.0001314573351321,1.9800018998390188,1.4166888796637815,0.0186579161663182,0.0243122156254673,0.0,1.704999621085478,0.1237491591056333,0.0433756834989549,0.0,0.0122489935685346,0.0,0.0,0.0,0.0036359430800569,2.246168900520741,2.3220358878683776,1.7492671422506574,2.341852556694162,0.0,0.0,0.0,0.0,0.013089425094809,0.7023479342625811,0.0,0.0949949439389479,2.0274988663762192,0.0,0.0804339021171138,0.0,0.0,2.1693109336882244,0.0,0.3011495817021128,1.7051221887603998,0.0,0.0,2.099850680345728,1.384419050125696,0.0394223064764856,0.0,0.0,2.500544001258127,0.0,0.0,0.0819265528873509,2.244738133656494,0.0240716823188826,0.0171662738001146,0.0,2.053520781026951,0.0,1.5561300883130644,0.6324951992978157,2.0491151499889173,0.0,0.0521151467299628,2.205266013799741,1.823185639515501,2.09706594608565,0.2057507474180557,2.72707892194432,2.0953338156753314,0.0179176738755239,1.887021238212207,1.9557481340785683,0.0122573417391582,0.0088439141290861,0.0,1.3343045608067163,0.0088264129515438,0.0,0.0,0.0,0.0,0.0,2.3229648282381934,2.390856557249312,1.2652696023811203,2.14787424002783,0.0,2.085481074216094,0.0,2.504685862734477,0.2534685296252107,0.8072021764419992,0.0,2.1018161742547843,0.1328245365518955,2.0641654541246006,1.6527425259450037,1.891740086559509,1.469332549857458,0.0,0.0104053359043345,2.118545613856896,2.3122538264155104,0.0,0.7425633913631768,0.0,0.0,1.6069688134173905,2.9683264212704223,1.7550105262737177,0.0,1.4149406090992591,0.0249924210050392,0.0,1.4842196729374706,0.0,0.0,2.565264262009437,1.428671282307083,1.9862649619414228,0.0,0.0227361911822187,2.015342703380279,1.819648201823844,1.7130847889611418,0.1064693860533541,2.949439659045064,2.385823074611164,0.0,2.4390619092783528,1.986785676583556,0.0,0.0092254957137137,2.365917048402375,2.3602409674864413,1.83132559038901,0.0,2.301836773017638,2.034770693155635,0.0185158480300102,0.1116676224429181,2.325404212663506,1.7416847458874871,0.0,0.0,1.7348454857190143,0.0,0.0,0.8748643709431745,1.7483927750976394,0.0,0.0094146782207508,1.90597861018792,1.906092182403738,0.0,0.0113778760438907,2.2803892608619494,0.0,2.1706233583541743,1.5778238270623557,0.0,2.274753944315594,0.0,1.994501450153778,2.3921112073421527,0.0,2.1490739489703747,1.926728181402653,0.0,0.0068741528234285,1.93781932383616,2.159461411431033,0.0086266339261224,1.9014247363261707,2.2409953806333034,2.280683694744883,1.3934038387196366,1.1798091111302824,1.7066305277425386,0.0,2.2631072412379445,1.700554396213626,2.6848723695250643,2.5389709869882298,0.0,0.0,0.0,0.1106361999611455,1.63250145193636,0.0,2.1825260620507847,2.138946334630178,0.1020749280847878,1.464219257553722,0.0,0.0,0.0,0.0042371589218817,2.1882659832112297,0.0046214244264358,0.0,0.0,0.0236530068321317,0.0,1.9493985674603307,0.0212899219450057,2.527825017337213,1.6704688573417843,0.0919574634441791,0.0650252554484687,0.0,0.0,0.0007313606415485,0.0277460304395729,1.7342567603884798,0.0,0.0009845326157823,0.0,0.0,2.2854382622615144,2.893071028884406,1.977980877641083,0.0412243214531456,0.1110966946465828,0.0,2.2442411057235048,1.667980392761946,0.0036779622937258,0.0344058333142574,2.26102209849912,2.4456897881722472,0.7750322174551105,2.457584316369503,2.27013096942392,0.0,0.0,0.0,0.0005865424468074,0.0,1.6062794010347412,2.02022148475532,0.0420627620078701,1.4944318812315447,0.0107320989193262,0.0,1.59884612148131,0.0,1.7223460830449342,2.4137061203608976,1.910584559751127,0.0022067267766439,0.0,0.0,2.70804450065784,2.3472752652005906,0.0,2.171105303143805,0.1133174944749185,2.9703170289317526,2.2251281594549264,0.0,1.3146344859651502,0.1017619235526218,0.0,0.009935555774495,1.7028883731797682,0.0,0.0,0.0,0.0125816248268086,2.4230616238699683,0.0,1.9687084145197475,1.7126557902204562,0.0,1.3518471079638013,2.155007341224042,1.9926638864116,0.002690842560405,0.0016828065574579,0.0,0.0023151523734502,0.0,1.7495149843645803,2.0390912850843064,1.0193489260980972,2.732437183626554,0.0,0.0111436283259715,1.83866093995642,1.67712278158048,2.3918265727432604,1.671588263995162,2.247714586331832,1.4597216639041817,0.0,0.0,1.7987937359199848,0.0,2.283226660585329,0.0032906772735153,0.0,2.165505990031483,0.0794948373477895,0.0,0.0,0.0,0.0,0.083056712809249,0.0,0.0,0.0,1.819573714357348,0.0279689418488687,2.092134726487383,2.2972105551246766,2.335366153795924,1.953545819632728,3.1830163773555142,2.024026856629806,1.7504797267118222,0.0,2.0962484128419394,0.0,0.0141937606550096,2.4702037465729485,2.142083347831956,1.89890890026724,2.144952673216515,0.0,0.0,0.0,0.0,1.5291701799931698,0.0,0.0,0.0,2.2991903093019133,2.3770619199603003,0.0,1.5978373477005627,1.23906520489751,0.0,0.0,0.0,0.0,0.0256102021185065,0.0,0.0,2.2797788664425527,0.0,1.7608810111889208,0.0,0.0,0.0029233996898612,2.811628314195359,0.0,0.0,1.8473595276131456,0.0156351662974508,0.0,2.0683419773879907,3.0263381253872725,0.0,0.0,2.0190400322428963,1.76197076939614,1.845384669235492,0.0,2.10772201807152,1.6283565711789252,2.180546241064884,0.0615739843610128,0.0,0.0,0.0,0.0,0.0046977718045181,2.77198636815448,0.4521673717083282,0.0,0.0,0.1266292981111036,1.6973605556295013,2.0118321494390625,0.0,0.0,2.4293372936580457,1.9108717961540056,1.3698879506908286,0.0,0.0,0.0017732497963225,0.8094774820507837,2.6580616936981074,0.0,1.7372858547473826,0.0,0.0469432535130721,1.815137350267356,0.0,2.1527930017948447,0.0,2.2862558181663712,1.5270864697974706,0.0,0.0,0.0,0.0060488086765778,2.1017384410862587,0.0005223895537506,2.609280031071334,1.821577815158488,1.92406257913033,0.0,1.8988065690306093,0.0,2.380128381379369,0.0,2.290696094964787,0.0,0.0,0.0,0.1054590865112208,0.0,2.0771661031136994,1.7780748597561824,2.260668927260725,1.6942338148678804,1.4520149186491798,1.820905721436364,0.0,0.0,2.6865814155761454,0.0,0.0,0.0,2.4104312572305635,2.137855293146892,2.2867509125747647,0.0,0.0,0.0,2.805798806093665,0.0,0.0029279026166355,2.1975960354142647,1.4900639464470082,1.3241429540334,0.0103667027968024,0.0025841370008572,2.4159555667121264,1.7883028648109422,1.6334739184797906,1.37741645801656,1.9304534850756936,0.0,2.302354636168373,2.7007922495382863,2.3517824415309816,0.0,0.0,0.0,2.4385225079108417,1.865672813407187,2.307471303201813,1.2991009904736797,1.955324098575984,0.0,0.011370159979806,0.0,1.4681071091577975,0.07351513587263,0.0534100658506057,2.1484705058454505,0.0,2.1677551406878046,0.0043208951655685,0.0,0.0,0.0,0.1487379514930776,0.0,0.0948614287212908,0.0,0.0,1.9469545299565407,0.0805286866031149,0.1644057942948028,0.0,0.2206055536260536,0.0,0.0,2.1078090401535983,0.0,0.0,1.256962065400408,1.7633936722303718,1.887871817140529,2.02564013928814,1.867970189397097,0.0,2.2125502832950428,0.0,2.130299167542283,0.0,0.3183391037351618,0.0,2.3905080569259267,1.9989180214688869,0.2552202848323699,1.5390140585370242,1.951920354264076,1.7870963806321931,2.3768075454999247,0.0,2.3642285578736746,0.0131718900204361,0.0,0.0093721801753307,0.0160901236441163,0.0,1.9595059701473143,1.884151706687833,0.0002860687155269,0.0303283267192877,0.0,0.0,0.0,0.0,0.0,1.8316470283856303,0.2478239146463176,0.0,2.287881788161026,0.0,0.0754463988487414,0.0,0.3265919328511839,0.0739242619684686,1.7694670966231183,0.0104429453539372,0.0,0.0,2.108906866432519,0.1337874008169549,1.6082868104317287,0.0,2.028694126600584,0.0,0.1050621621290231,1.771816426574916,2.0282290023185587,0.0,0.0,0.0,0.0,2.662250024448769,0.2118845686120688,0.0,0.4841225446822409,2.51900867370726,2.251371291478705,0.0,2.019962651020512,0.0,0.0089952494363217,1.2937334254044242,2.8582846635616543,0.0,1.9759495169826409,0.0,0.0,0.0337548217173781,1.858215103303248,0.0,1.9054596371315589,0.0,0.0147602602124847,0.0,1.6338362012389265,0.0,2.39100775526206,0.0,2.2044829481192263,0.0082965583705093,2.954220238122108,1.9829443220598404,0.0,1.4624422739945937,2.3800226231248964,1.7427426797894665,0.0,2.6711619445336394,0.0751296206382743,1.9417756584521504,1.7277884928171263,0.0036155796591938,2.713384752112532,0.0030257010742605,0.4392815488021269,2.2183688443776868,2.3829629125091887,2.2731377362383034,2.833817038189845,0.0,1.8048968211693828,0.1823787641084705,0.0215001985675018,0.3159316120452367,2.893530603250344,1.6913205708033825,1.916465121037501,0.0,1.1669190018795943,0.0,0.012240980596299,0.0,2.031846333889746,0.0228501865613025,0.096761447982316,2.257344035556336,0.0005959450085438,2.096164472407672,0.1218772129721561,0.0,2.0894425336315328,2.253643470156874,0.002167934811829,0.0,2.1032060507807016,2.0987659913857373,1.979137520506686,1.9646793983738788,2.276276875650692,2.0901367015550205,0.1161675549981984,0.0,2.7220622230852056,0.0,0.0,2.1186895655711897,2.4111854026886497,1.8236331384315605,0.7109633255358573,0.0,1.909785321769276,1.7903307335827428,1.3216079068186244,1.6358652295655811,2.1044506356317774,3.0607736685511067,0.0,0.0,0.0052409711881388,0.0,1.87634127946973,1.9825041861094816,0.0,2.0340122366653794,0.0141813271556579,0.1021050064708818,0.0,0.0,0.0,0.0,1.9696863231060573,2.1088127503162366,2.260805656386012,0.0229556080863572,2.071658336019027,0.0066270308215782,0.0,0.0007950627660504,0.0,0.0024300100668345,1.8999824439015585,0.0923416195981934,0.3182172825681976,0.0882588148010252,0.0,1.6388864835439714,0.0207852880762465,0.0,1.7604093793621294,0.0183124299884165,0.3304356299915592,2.4030031906547493,0.0773671840547868,0.0557501172396811,2.6231298584817644,2.194425922238206,0.0,0.0,0.0127511663991723,1.036099440705859,2.0025987765315234,2.142684726743532,0.0,2.041204542993232,0.0,0.0,0.0,0.0,0.0024864420078123,0.437399734917518,0.0035892494284357,0.0,0.0038281726668053,0.0,1.4938749016756256,0.0,1.7831474690641382,0.0,0.1670531699652384,2.1933618946825155,0.0,1.41846586563054,2.4312653921253014,0.0067061333544225,0.0515168055888258,0.0,0.0017917832738084,0.0239430346657303,3.0945668402192883,0.0,2.0623790283929235,0.4411186664427056,0.0,2.940091022285376,0.0,0.007332304189812,2.1376201245615247,1.5934899756831251,1.566759822463778,0.0,0.0,0.0,2.259671131475228,0.0924586479329264,1.9990676718522573,2.344600500388007,2.258037758526593,0.0,2.1194771477005707,0.0,0.8328383533466297,0.0,1.3451804767637197,2.0432352145578387,1.8588465138463213,2.304497956278542,1.9446638709715969,0.0293365088294108,0.7623923693467229,2.1343248250426328,0.6241574640198936,1.6766181691768596,0.0,0.9250217239082156,1.7883790153194263,0.0007889694626336,0.0,0.0,0.0,1.3291421674750137,0.0988420879151453,0.0,2.556790229918741,0.0,0.0558850079905458,1.9313969945205929,2.552270182054972,1.9748776818174865,1.4551716717767522,0.0,0.0,1.864178475790192,1.9410395562289,0.0,0.0,2.4168672069309136,0.0,1.6869380351967669,1.9860369283297032,1.7152236694341878,0.0,2.1719462897697324,0.0,0.0,0.0,2.611215209173559,0.0787091257602477,0.1248414961263789,0.0,0.0,0.0030244092021354,0.0,1.91725598840806,2.21837488716235,0.0,0.0,0.0,0.0,2.2128986292501445,0.0,0.0,0.0,0.0,1.2536833865732455,0.0,2.160254442403374,0.0938090209539818,0.0,2.113998515530293,0.0,0.0,0.0038741839864513,1.6996884342086993,2.72949498415341,0.0,0.0,1.5757066732180716,2.7674805154354924,0.0118329397793657,0.0,1.9218502472101948,2.1647721482618234,2.1816209233639734,0.0,2.169635321360781,0.0,0.0862019702747499,0.0,0.0,2.3951455499174963,2.7735389712649883,2.054695442104375,2.320314348478402,1.9499647308540644,2.82096908469765,2.2002397082277407,1.908308619821192,0.0,1.1156728779334597,1.0876883323871882,0.0,0.037707081402252,0.0,0.0100190804592663,0.0,0.0026887266737258,0.0118670658221778,0.0,0.0,0.0,0.4756276318172014,0.0,1.5298374556490315,2.218437988951488,1.5925426746817088,1.8042570721250817,0.0,0.0,0.0,0.1371471356544932,0.4934084145817091,0.0039349041235043,2.297292150406214,0.0319371922654631,0.0,0.1515117967526064,0.0,0.0,2.5347610497248096,1.5128363535438891,0.0,1.924892932444732,2.847299511591562,1.7581874011291487,0.0,2.02802181382014,0.3551825025594362,0.0375001484508103,2.1758596812038924,0.0,0.101957075765602,1.8215015017649456,0.0,0.0168261369270851,1.7154611946540927,0.0140220948932383,2.179469173297784,0.0,0.0,0.0,0.0,0.0090493807785263,2.3881856981123293,2.064090556235119,0.0,0.0457131090148441,0.0,1.9201977441832712,0.0,2.0903000339392617,0.0422178944916482,0.0031379734892952,0.0,0.0862777396860451,2.086177307279135,0.0,2.42923028006258,2.0928378976367776,0.0,1.7598511608790273,0.0060111161123085,1.5058127917510002,1.9996617135067687,0.011680936649758,2.057543424851148,0.0,0.1143185769177367,1.9187975575266345,1.6569804500147125,2.139577477016183,0.0427690826402993,2.800292795664697,0.2170985488872298,0.0,1.7417940143784052,0.0155809101772156,2.8271648535116203,2.2095845484471632,0.0,3.0394646008230453,1.9227234138127511,1.81740935524912,0.008011836829397,0.1071932939270264,0.0,1.4408839476303583,2.0801144257770763,0.0,0.0,2.301347873376247,2.0861222526648904,0.043148720084646,0.8905533880979531,0.0,0.008049017423815,0.0974814616136598,0.8528875160594979,0.0,1.5128681938731816,0.0,1.1972025038742102,0.0124827816522185,0.0,3.16237879530641,0.0,2.4247958161393828,2.3063720376563817,1.8068383586425936,0.0,0.0257222593455409,0.0,0.0048176081853568,1.9289317566892128,1.6649330409995804,2.2556691382951173,0.0776986195531535,0.0922499598693892,2.1216266858443067,0.0099929963204371,0.2914240327020835,0.0085413349085225,0.1008702065393682,0.0178035414191732,0.0,2.331796736741127,0.0,2.0551303897333555,1.7852360136340804,0.0,2.2312946658451467,1.6499894612970012,0.0,1.9765490161407155,0.0,1.7716100469469402,2.0664694418727843,1.2957169753932798,1.8811401916039807,1.4418973291908033,0.0,1.7449000550391274,0.0,0.0995515520510481,0.0006496514460547,1.8185880559095573,0.0109987317382682,0.0261998003367633,0.0283511932906061,2.2257178978700485,1.6914167820319634,0.0,0.0555385167387169
FOXL2,0.0042059077206368,0.0,0.0,0.0,0.0482923602217096,0.0,0.0,0.0,0.0,0.0,0.0,0.0,0.0,0.0034160635325575,0.0,0.0,0.0091415068104077,0.0,0.0,0.0,0.036053078928495,0.0,0.0,0.0,0.0,0.0,0.0,0.0,0.0130101887168062,0.0,0.0,0.0139647172377398,0.0,0.008196602746645,0.0,0.0,0.0,0.0124407231968553,0.0,0.0,0.0,0.2672990253888364,0.0,0.001083194921981,0.0,0.0,0.0,0.0,0.0,0.0,0.0,0.0,0.0,0.0,0.0,0.0,0.0,0.0,0.0,0.0093591668858453,0.0,0.0,0.0,0.0,0.0,0.0022519890710213,0.0,0.0,0.0,0.0183440988436993,0.0,0.0,0.0106627069971939,0.002260799107463,0.0,0.0,0.0,0.013330741321561,0.0,0.0621565654656589,0.0,0.0103089082878257,0.0,0.0,0.0,0.0,0.0,0.0,0.0018817530535599,0.0,0.0082608586795681,0.0,0.0008314259256701,0.0,0.0,0.0,0.0112863946327622,0.0,0.0984187857761609,0.0,0.0,0.0,0.0,0.0,0.0,0.0,0.0529507568625421,0.0,0.0,0.0,0.0,0.0899340103564836,0.0,0.0,0.0,0.0,0.0832017981229573,0.0,0.0,0.0,0.0,0.0,0.0136076924211617,0.0,0.0,0.0,0.0,0.0306786900057843,0.0,0.001463307107719,0.0,0.0,0.0,0.0,0.0008665639477535,0.0,0.0,0.0,0.0,0.0,0.0625660596365721,0.0,0.0,0.0,0.0441525591936406,0.0,0.0,0.0775323242167226,0.0070303915029186,0.0520801321011039,0.0130388474440791,0.0,0.0077042834589958,0.0,0.0006167690215829,0.0,0.0,0.0,0.0,0.0,0.0,0.005732334622409,0.0,0.0241254586568614,0.0133749415814814,0.0,0.0236727352593985,0.2516991913495294,0.0653633623403747,0.0,0.0007772488728148,0.0,0.0,0.0,0.0,0.0,0.0,0.0,0.0,0.0,0.0,0.0056173725313092,0.0,0.0041968848724898,0.0,0.0,0.0,0.0,0.0,0.0,0.0004392268999414,0.0,0.0,0.0,0.0,0.0,0.0,0.0256440056988921,0.0,0.0,0.0,0.0,0.0,0.0,0.055802191023487,0.0,0.0552643035461518,0.0,0.0,0.010028152781937,0.0330878114858197,0.0,0.0,0.0,0.0,3.987123116389047e-07,0.0475738692025154,0.0,0.0242135213245609,0.0,0.0,0.0103202430680711,0.0,0.0,0.0,0.0,0.0045905404327052,0.0,0.0,0.0310017883979329,0.0112237157024923,0.0,0.0,0.0040508070957267,0.0,0.081560923809508,0.0,0.0,0.0,0.0,0.1326660896251685,0.004152260243325,0.0,0.0576538097823201,0.0023707060525198,0.0,0.0,0.0,0.0,0.0,0.0,0.0050746521238349,0.0,0.0,0.0,0.0,0.01115122814677,0.0,0.0,0.0,0.0,0.0,0.0,0.0,0.0,0.0,0.0,0.0,0.0,0.0,0.0,0.0,0.0311136227336923,0.0,0.0,0.0102981556434383,0.091117621644354,0.0,0.0187746175129891,0.0929927876319718,0.0,0.0,0.0,0.0,0.0,0.0,0.0256706909020493,0.0,0.0,0.0,0.0,0.0,0.0,0.0,0.0,0.0,0.0,0.0,0.0,0.0104624758476645,1.5555030093231037e-05,0.0,0.0124841878145655,0.0,0.0223541913937979,0.0,0.0056448010233078,0.0,0.0,0.0,0.0,0.0,0.0014439438653118,0.0190835204166989,0.0,0.0,0.0094439136367338,3.0355842995299577e-06,0.0,0.0964142807046657,0.0,0.0,0.0,0.0,0.0,0.0,0.0,0.0,0.0657770293581136,0.0,0.0,0.0,0.0,0.0,0.0,0.0,0.0,0.0,0.0,0.0,0.0013704849162792,0.0,0.0,0.0077105156087604,0.0,0.0,0.0,0.0049529690510575,0.0,0.0688393224664019,0.0,0.0,0.0,0.0155509945339097,0.0,0.0,0.0363079586751362,0.0,0.0,0.0,0.0,0.0,0.0,0.0001814490951525,0.0,0.0,0.0,0.0,0.0,0.0,0.0,0.0,0.0202439544313915,0.0,0.0,0.0885960593227942,0.0,0.0,0.0,0.0,0.0,0.0,0.004388578616542,0.0,0.0066758644988298,0.0026605074886118,0.0399247745575663,0.0,1.603228626864207e-05,0.0,0.0,0.0,0.0,0.0,0.0,0.0,0.0013165316833361,0.0288868853294781,0.0071681971780307,0.0104772193586134,0.0,0.0,0.0,0.0139447081487192,0.0638820156514436,0.0,0.0850289386663443,0.0,0.0113132137585275,0.0,0.1556071516578383,0.007572192558168,0.0,0.0,0.0002049251237637,0.0572788475556916,5.824189400342262e-05,0.0,0.0,0.0,0.0,0.0,0.0,0.0062543255433474,0.001126893043794,0.0,0.0,0.0,0.0826670212755368,0.0,0.0,0.0,0.0,0.0,0.0,0.0066605620478635,0.0,0.0082318262046284,0.0,0.0,0.0,0.0,7.33804735590635e-05,0.0,0.0379201686870022,0.0,0.012438097019944,0.0,0.0,0.0,0.0,0.0,0.0,0.0,0.0,0.0,0.0,0.026666800807242,0.0182235831443385,0.0,0.0359403300495517,0.0,0.0,0.0,0.00346201290381,0.0119525391237775,0.0171437848197478,0.0,0.0026917257207777,0.0094977617411825,0.0,0.0450507178203104,0.0,0.0,0.0,0.0,0.0252653880425302,0.0,0.0,0.0,0.0,0.0,0.0,0.0,0.0,0.0,0.0,0.0236351886795838,0.0019513450477975,0.0190792278732569,0.0015030162261663,0.0,0.0025877792544242,0.0580860853232279,0.0,0.0004476089679735,0.0,0.03181121072761,0.0,0.0,0.1229855642496338,0.0,0.0007858587878985,0.0,0.0,0.0,0.0,0.021713900892731,0.003931017201692,0.0,0.0075978366263659,0.0,0.0,0.0,0.0,0.0,0.0,0.0,0.0,0.0,0.042861968720563,0.0,0.0,0.0,0.0,0.0,0.0,0.0,0.0,0.0,0.0,0.0,0.0,0.0402075223876046,0.0087203104749624,0.0,0.0372493249067357,0.0,0.0,0.0,0.0,0.0169663963382765,0.0,0.0554026921285896,0.0,0.0115588478509755,0.0021694665009517,0.0615619075540048,0.011046951211719,0.0,0.0326798520083506,0.0,0.0,0.0,0.0036359972310501,0.0037649898596688,0.0,0.0017635381957693,0.0,0.0136635044851349,0.0,0.005202903493021,0.0,0.0,0.0,0.055902313419143,0.0,0.0194561141322988,0.0,0.0406346216211196,0.0,0.0,0.0001683358854957,0.0,0.0,0.0,0.0,0.0,0.0204790711845702,0.0,0.0,0.0,0.0,0.1023914944434072,0.0,0.0,0.0,0.0,0.0574724281937226,0.0,0.0,0.0,0.1185378675131998,0.0,0.0050884688734868,0.0,0.0179996623289025,0.0,0.0,0.0,0.0,0.005702385071439,0.0049452633445928,0.0,0.0,0.0410230317674358,0.0023793745041433,0.0144549661303366,0.0001015176881445,0.0,0.0,0.0,0.0,0.0421570107333062,0.0,0.0,0.0,0.0,0.0,0.0,0.0,0.0,0.0,0.0,0.0,0.0329307786327912,0.0057559735268811,0.0,0.0119815682747381,0.0,0.0871165157615888,0.0,0.0,0.0,0.0,0.0,0.0,0.0009745278845522,0.0005739185278493,0.0,0.0,0.0,0.0,0.0,0.0,0.0533799881793348,0.0,0.0980836462095037,0.0,0.0,0.0,0.0,0.0,0.0,0.001776077141073,0.0,0.0044791481245161,0.0,0.0,0.0,0.0483078916429174,0.0,0.0,0.0305768587541824,0.0,0.0298872134638215,0.0470603684584168,0.0,0.0016329736724336,0.0017782292633793,0.0298365626340189,0.0,0.0,0.0,0.3905329732285244,0.0,0.0,0.0143183237178882,0.0,0.0,0.0041983829719617,0.0,0.0,0.0,0.0017916017179646,0.0,0.0,0.0,0.0,0.0,0.0,0.0038625724867413,0.0151563802341192,0.0,0.0,0.0,0.0,0.0,0.0,0.0,0.0012494213749519,0.0,0.0366054895785564,0.0028977157349825,0.0,0.0,0.0,0.0010973038342767,0.0,0.0,0.0,0.0,0.0,0.0,0.0,0.0,0.0,0.0,0.0053345585198241,0.0067484245984676,0.0,0.0,0.0,0.0,0.0318794590072947,0.0,0.0092341032166817,0.0346777228837059,0.0,0.0,0.0,0.0331905232118551,0.0016106953207029,0.0,0.0182341944710854,0.0,0.0,0.0,0.0,0.0041944752649458,0.0,0.0134619810131072,0.0297437014807798,0.0,0.0,0.0,0.0,0.0,0.0536749176437514,0.0,0.0,0.0066587104943315,0.0,0.0,0.0,0.002722663283146,0.0,0.0109051583492099,0.0311823221317181,0.0015256246230692,0.011338526892458,0.0183264328278834,0.0,0.105829680806107,0.0,0.0,0.0075312857485567,0.0,0.0361592645901208,0.0,0.0,0.0,0.0356715143978442,0.0,0.0,0.0,0.0,0.0,0.0336861037877896,0.0,0.0,0.0,0.0231482472776049,0.0036520865949066,0.0,0.0008215009070477,0.0078759477471367,0.0080766460349635,0.0,0.0,0.0,0.0,0.0,0.0,0.0,0.0,0.0331813700883393,0.0121770058760903,0.0,0.057616727144499,0.0,0.0083292633276945,0.0,0.0,0.0162749162192026,0.0,0.0174988386509806,0.0,0.0,0.0,0.0,0.0020893880362804,0.0,0.0033198527176984,0.0,0.0,0.0076743085360196,0.0,0.0400261338432934,0.0,0.0,0.0,0.0,0.0,0.0,0.0,0.0034748821520087,0.1238415870179877,0.0,0.0,0.0045375925804248,0.0,0.0034641227971106,0.0,0.0,0.0,0.0182155119288371,0.0,4.542414181117442e-05,0.0,0.0,0.0,0.0,0.0,0.0,0.0,0.0,0.0,0.0,0.0,0.0320043129391486,0.00054610256479,0.0,0.0,0.0,0.0,0.0547494041002446,0.0,0.0,0.0,0.0,0.0,0.0249231586674492,0.0,0.0,0.0030439267298904,0.0,0.0,0.0,0.0026663921998765,0.0,0.0,0.0525837380604964,0.0,0.0,0.0,0.0,0.0,0.0,0.0,0.0154685067349156,0.0,0.007287029711425,0.0,0.0,0.0,0.0,0.0,0.0,0.0219167179112502,0.0,0.0,0.0,0.0,0.0037364387801074,0.0228772521747556,0.0136011385998809,0.0039913706194749,0.0,0.0,0.0,0.0066080832858805,0.0,0.0,0.0012992763650148,0.0,0.0,0.0,0.0,0.0,0.0025370595613656,0.0,0.0018658764042763,0.0,0.0,0.0,0.0505416326243439,0.0,0.0,0.0,0.0,0.0104389497105527,0.0307384421741269,0.0147879989054119,0.0,0.0,0.0,0.0054629451681927,0.0179903318715285,0.0,0.0405931867165976,0.0,0.0,0.0157929749385626,0.0,0.0,0.002932848900265,0.0,0.0019625792479661,0.0,0.0,0.0,0.0205176491903213,0.0,0.0036673768285898,0.0,0.0,0.0,0.0,0.0,0.0,0.0392218827174637,0.0,0.0,0.0,0.0,0.0,0.0,0.0220488608155363,0.0,0.0,0.0,0.0,0.0038253148195538,0.011147835048346,0.0,0.0,0.0,0.0,0.0,0.0441434166871277,0.0,0.062807346200077,0.0,0.0,0.0,0.0013192715810466,0.0,0.0753750346557863,0.0,0.0,0.0588894194700104,0.0225147410523085,0.0,0.0,0.0180015565113195,0.0208714013358939,0.0020443547567067,0.0,0.0,0.0,0.0,0.001267870204048,0.0,0.0,0.0,0.0,0.0,0.0,0.0,0.0,0.0050731053153669,0.0173641467937648,0.0,0.0342655621201118,0.0115751846182982,0.0,0.0,0.0,0.0,0.0291327137088403,0.0,0.0223116975043946,0.0291982211687841,0.0,0.1779838390328192,0.0,0.0,0.0,0.056525113536263,0.0,0.0,0.0018674330878155,0.0597067739810348,0.0,0.0,0.0,0.026510923517081,0.0059004788089232,0.0,0.0,0.0073285835320725,0.0,0.0,0.0,0.0,0.0959433005133794,0.0,0.0077507613292077,0.0014567442149015,0.0,0.0322101751776486,0.0856503519167726,0.0,0.0,0.0212504967070838,0.0092556232650317,0.0,0.0229699084152352,0.0,0.0,0.0329362059545359,0.0,0.049929084339682,0.0527485799536654,0.0,0.0,0.0,0.0,0.0006680968084937,0.0,0.0,0.0
GATA4,2.033055431074066,0.0,0.0,0.0,2.798299876699692,0.0,2.2652844471700178,1.928896277530061,2.2799376057417096,0.0,2.042966799601914,0.0,2.411232190549605,2.3371082787714603,2.8138221492512407,2.2600488538736565,0.0,0.0,2.3871870349554367,1.4513022907156712,2.2087241457708746,2.311247767638121,0.0,0.0,0.0,2.7619808795507588,2.4054436425032266,2.2279279263457417,3.00276856462608,2.3935192812235133,2.3293879854885646,0.0,0.0,0.0,0.0,3.0337610694063706,1.9421267599741745,0.0,2.543783051507167,2.8709479488152847,2.3339217136190213,0.0,2.5172276520846566,1.5305812395516751,0.0,1.758696142241719,0.0,0.0,1.9962649306120168,2.698379496805491,2.49972284519754,2.2747738006608924,1.761212476424039,2.3452336291923634,2.548677737711377,0.0,2.059757411402342,1.8445304710534705,2.9941634637703376,0.0,0.0,1.8281282269384047,0.0,0.0,0.0,0.0,0.0,1.8069287899644109,2.900719754294558,2.30079564673376,0.0,0.0,2.3871945642597208,1.8141537491604127,0.0,1.9288468438161093,0.0,2.478866140822174,2.6396195968614244,0.0,1.976054360335704,2.0564535145769893,2.405194499572413,2.325986266365798,0.0,0.0,2.1228366341332663,0.0,0.0,2.5565091539684683,2.789201215875213,0.0,1.837183260527657,0.0,2.497337186586805,1.780622628348479,2.45052817481267,0.0,2.5359173068837806,2.3504275757192974,0.0,0.0,0.0,2.4229837976479938,0.0,2.3567818557496167,2.405507363377286,0.0,0.0,1.2561949475492915,0.0,0.0,0.0,2.5760849677793782,2.276541059059911,0.0,0.0,1.6444861147666123,2.1459765410788343,0.0,2.3970327353325174,2.6382046808098867,0.0,0.0,1.658856253820914,0.0,2.585009948915868,0.0,0.0,0.0,2.7819213017692457,0.0,0.0,0.0,0.0,0.0,0.0,2.7515491427694543,0.0,0.0,0.0,2.3196484888910134,2.779941200008812,0.0,1.5746762684709747,0.0,2.2837407548885955,0.0,1.9846954421482803,0.0,0.0,2.7128199304918748,0.0,2.243294944712269,0.0,2.018646252469061,1.990380356703292,2.9912723423532657,2.4420576038157664,2.9447037249769616,0.0,2.0200800516384247,0.0,2.427905416582908,2.574187160022212,2.4706758293069284,2.944974097651152,0.0,0.0,2.7253552654870825,0.0,0.0,0.0,0.0,2.603185177376226,0.0,2.5282752173767307,2.304444148000812,0.0,0.0,0.0,2.3557698357031644,0.0,0.0,2.551035532975924,2.2878139691491755,0.0,0.0,2.264828687981052,2.422647573162724,2.4101567959954933,0.0,0.0,2.311836575025893,0.0,2.3571059894306803,0.0,2.838031214104072,1.499565013124761,0.0,2.62548102059137,0.0,2.8639591457126023,2.4215873944584048,0.0,2.4515403700022373,0.0,2.277580565815565,2.702273306797902,0.0,1.982757233810697,2.3852166626695923,2.4041730720153978,0.0,2.7016189498420973,1.6491521648486511,0.0,1.8398843766147184,2.3374168272548075,0.0,1.88692082212834,0.0,0.0,0.0,0.0,0.0,2.4512719939417287,1.0252008985522296,0.0,0.0,2.566805547808301,2.301493490660288,2.3776007348224373,0.0,0.0,2.327859260515342,0.0,0.0,2.668023528420427,0.0,2.502327604954088,0.0,0.0,0.0,2.267605262337556,2.3974878373886,2.562319488871951,0.0,0.0,0.0,2.4107069973841555,0.0,2.529303286802598,0.0,2.054798183595412,0.0,0.0,0.0,1.6518030151807166,2.264891970566151,2.413685087644713,0.0,0.0,0.0,2.4837393782729964,2.6151329667369807,2.3132991971795835,1.2490990074615218,0.0,0.0,0.0,0.0,0.0,2.726485155046193,0.0,0.0,0.0,0.0,2.3008536683656584,0.0,1.8772288921634488,0.0,0.0,0.0,0.0,1.7307879383012972,1.7178542488044932,2.1937003284592023,1.9736463130897064,2.6093871148481136,0.0,2.1523276426944515,2.1677011027529978,2.44868195519332,2.598500874658197,0.0,0.0,0.0,0.0,2.0292948719731023,2.1168405914670307,2.4003532109769736,2.5194831009866103,1.7531163676656758,2.033895155486836,0.0,2.1692456049626454,0.0,1.9861378657190367,1.6887041028000986,0.0,0.0,2.35295291231064,2.024537420047098,0.0,2.6441387188303684,0.0,0.0,0.0,0.0,0.0,0.0,0.0,0.0,2.3068159180312606,2.007852831291331,0.0,2.872938878186285,0.0,2.694309106496432,0.0,2.3535724099771365,0.0,1.949493629740596,0.0,1.9328875148485407,0.0,2.59683897954226,2.4619234938719643,0.0,1.7829440683087,0.0,0.0,0.0,0.0,2.254720263122046,0.0,2.0765701868836093,0.0,2.1883192930663733,0.0,0.0,2.4785786553320373,2.8048553323998258,2.2657640723512604,1.9900403899811008,2.5106352210840006,0.0,0.0,0.0,2.4070079093042014,0.0,0.0,0.0,2.4542736399098395,0.0,1.7589282738999774,2.5033410355594112,0.0,2.084391640931613,2.269495759338508,2.2675218749939905,2.127009720796837,2.1189286949459967,0.0,2.2006117009363466,2.428385020332952,2.6203949583457486,0.0,1.8763361481192669,0.0,0.0,2.463509039447114,1.8616283940682825,0.0,2.107331825839991,2.480603283725833,2.0439238784843723,0.0,2.657331761342414,2.5130405409042607,2.418022390479806,0.0,0.0,0.0,0.0,2.4107778309994683,0.0,0.0,2.46427489695878,0.4014992194251093,2.2495662281633018,0.0,2.337447900163126,2.3421941703653566,2.013697100287595,0.0,0.0,0.0,2.2811204759720085,1.9090805869663456,2.4943445220972995,2.0040477013688216,0.0,2.301756228609534,2.6490696585208995,0.0,2.4287242287318187,0.0,2.5358646143311976,0.0,0.0,0.0,0.998767545009752,2.393231880954468,0.0,0.0,2.5557492976503693,0.0,1.2236166106928137,0.0,2.271088740017138,2.1554784352069287,1.84562855583056,0.0,2.031204369936088,2.266730099552646,2.285968252577089,1.286014607137044,2.335463052612752,0.0,0.0,2.1462116508375435,0.0,0.0,0.0,0.0,1.5430996669256205,0.0,2.2948047365609514,2.3138465470273126,2.0703813876261217,0.0,0.0,0.0,1.6422121200660775,0.0,0.0,2.4403368127759504,0.0,2.144784682653336,2.579045068395593,2.2550655836270543,0.0,2.124264831380451,0.0,1.824374157460334,1.6582672305061616,0.0,0.0,1.7728367146603992,2.0875287887266394,1.995061526213408,0.0,0.0,2.346497837253871,1.6973296139091505,2.5966927410884293,2.3819943579002625,1.7385889906624472,0.0,1.7672063750626523,2.1076649310689946,2.7771843583785967,0.0,2.269355590046692,2.5609007777184365,2.584220646629084,1.9699544005362024,0.0,2.4010552275635897,0.0,0.0,0.0,2.3260591965408186,0.0,1.8642691202636488,1.9008843981734416,0.0,1.9235347161148828,2.379067799225431,2.31315450027579,1.790492624643068,0.0,0.0,0.0,0.0,0.0,0.0,0.0,2.264323877730908,2.195181020699847,1.8593514963765363,0.0,2.5085677265658624,1.5373553616693154,2.449203665993644,0.0,2.418603184815749,2.5640850146780925,2.3293374340692288,2.8645476282497064,0.0,0.0,2.0668998549111297,0.0,0.0,0.0,0.0,1.6466820730908918,1.6954940526150268,1.2953456517218311,0.0,2.513406322497649,0.0,2.2235274855532032,0.0,2.41594747843887,0.0,0.0,0.0,2.6025338792191346,1.130663926577698,1.8799278971780504,2.491523764299152,2.689886041514686,2.5148779077344106,0.0,0.0,2.3208731471057047,0.0,0.0,0.0,2.493508641470493,2.4724856387336374,0.0,2.2976918760965326,1.9529856536050392,0.0,1.6449333633330818,0.0,2.190198709533348,1.7940038197671409,2.2623631039688297,0.0,0.0,1.7901852620832046,2.1828042910840426,0.0,0.0,0.0,2.4441015572190987,0.0,0.0,1.8876074558252511,0.0,0.0,2.072144928626516,0.0,0.0,0.0,0.0,2.055876050872357,2.5631157275714003,0.0,0.0,0.0,0.0,1.7331834219549678,2.8246735582622886,0.0,0.0,2.313426292817612,0.0,2.517213516129749,0.0,1.8458569045101427,0.0,1.69952265707876,2.061437679378615,0.0,0.0,2.346160033159153,0.0,0.0,2.610500834336523,1.5690649189069867,2.335564029863351,2.3404220217816167,0.0,2.2567586241302946,0.0,1.7309942611232787,2.053500600560606,2.1454446020442526,2.174023239645692,2.4479029469310687,0.0,2.5633891782611222,2.46357632544838,1.6905613006678113,0.0,2.169224520113361,2.252777611885333,0.0,2.8027247569422906,0.0,0.0,0.0,2.0430760155816183,2.311447609351236,0.0,0.0,0.0,1.638174839528972,0.0,0.0,0.0,0.0,0.0,0.0,1.8345427950716309,0.0,0.0,2.6257141148813425,2.344938971625637,2.3706656939359827,0.0,2.329458117422812,0.0,2.03964252008212,2.652462609858449,1.7840700136825256,0.0,0.0,0.0,0.0,0.0,2.3927280143063347,2.7628329337138973,2.278035367337087,2.539379676691858,2.693259413719505,3.0327694691769675,1.9549734057246448,1.5115225798129277,0.0,2.154798135813484,0.0,0.0,2.7744853689175564,2.0458015344719307,0.0,2.308278730649556,1.5313831864651268,2.542090160738712,0.0,2.228524276940884,1.951384509813999,2.332202643821728,0.0,2.3443612935206697,0.0,2.3563166992553115,0.0,2.301679086842401,1.752300007732555,2.460767973036749,2.474634866520679,2.577578799021538,0.0,0.0,0.0,2.2993637673790954,0.0,2.3231520433493134,2.39217930782466,2.7127242664801754,0.0,0.0,0.8189599995821648,2.271203577689967,2.312855327525256,0.0,2.1632436281252905,2.4461140197264046,2.2938272134309505,0.0,0.0,0.0,0.0,0.0,0.0,0.0,0.0,2.1241164184175307,2.421015212682755,2.295457800916816,0.0,2.6225680288761235,1.9291638915823577,2.4603040555174207,2.009465869587579,0.0,2.643438659190214,0.0,1.838796335935981,2.4771957868007948,0.0,2.666594149376569,2.3373122381329248,0.0,2.5043783233067174,1.3937957614794438,0.0,2.453214979166857,0.0,0.0,2.437304682906946,0.0,0.0,2.173189638175681,0.0,0.0,0.0,0.0,2.326504898080965,2.276790005163102,2.2438851363141565,2.411075756623116,0.0,2.6710586158593794,0.0,0.0,2.3887291604275687,2.1043657666776467,2.044312322372386,0.0,1.8921707839177588,1.7117780257865232,2.864193698031041,0.0,0.0,2.752515394789036,0.0,0.0,0.0,0.0,0.0,2.291074347454593,2.7063271720210333,0.0,1.9771151346054376,0.0,1.5664314382913165,0.0,2.217687318145688,2.3832330419016703,2.1733780194061763,0.0,2.556463516575456,2.7687603305964883,1.6707849968593704,2.296175453656704,2.128481375892194,1.866070281671372,0.0,2.1027875581697866,0.0,0.0,0.0,0.0,0.0,0.0,1.7570004550335334,1.9528034423525489,2.607836179424816,1.7748994394729718,2.0317807760407534,2.2413631300400683,2.1708414746834355,0.0,0.0,2.4426166665541538,0.0,2.246547978762901,2.5752308604057594,0.0,2.48589032585784,2.2864902923421275,2.2535235045856723,2.5383850540477564,0.0,2.3221432106675968,2.473105411050444,0.0,1.806817749827868,0.0,0.0,0.0,2.1732539767814405,1.8116715098464369,2.3852082537742643,0.0,0.0,1.9401972359204729,0.0,1.9108345568078131,2.696637923153829,0.0,0.0,0.0,2.233301893807456,2.283135973133918,2.392984099338834,2.373064818891037,0.0,0.0,0.0,2.4388683092734853,0.0,1.2328105257916506,2.5222451910657617,0.0,2.353537141102715,2.133472959518225,2.2066814078758594,1.904611626696176,0.0,2.2774663275666334,0.0,0.0,2.029905627296145,0.0,2.3337120611250133,0.0,0.0,0.0,1.5249102717390268,2.634644458694804,0.0,0.0,2.2864275969305585,1.8703981043683484,1.7386869321480805,0.0,1.9351613640107883,2.319624198602168,0.0,0.0,0.0,0.0,2.4412627732167143,0.0,0.0,0.0,0.0,2.5920445399362944,0.0,2.3343694103369352,2.4920764062781884,1.5259816338709584,2.4147357813877672,0.0,2.3727199110449195,2.446984380511553,2.417913074703585,2.676719043765912,1.8556334140324249,0.0,0.0,2.455261626452803,0.0,1.7967542360272564,2.5387768491777845,0.0,2.2358038699680334,0.0,0.0,2.3441034659589297,0.0,0.0,0.0,0.0,0.0,0.0,0.0,0.0,0.0,0.0,0.0,2.0289738959024053,2.0504854686785694,1.413678745405114,2.3341927163118443,0.0,0.0,2.337799757776288,0.0,0.0,0.0,2.3905099730049058,2.4907500557745723,2.489792562244655,1.8633079508141093,2.2504974354566905,2.6661122003951547,0.0,2.306493068222935,0.0,2.6920850547947803,3.2780314483648114,1.8367444394646817,2.7424906094350536,0.0,2.385472432781265,2.2574898124308787,2.6068532960850272,2.4003478553158715,2.3576665304948388,2.3298982733799223,2.3169918910144047,1.7958486136732188,2.5210103880049988,0.0,0.0,2.0502228240993925,2.417837175292083,0.0,0.0,2.33307379450061,2.543264060754977,2.3988641671808253,0.0,1.9238043967093408,2.3502099304094166,2.165497949524088,1.936574295471465,0.0,2.143088521381164,2.3580234439813186,0.0,0.0,2.4461799409622444,0.0,0.0,0.0,2.330427985576808,2.081310843533005,2.4027138202530467,0.0,0.0,2.8748979305577027,0.0,0.0,0.0,0.0,1.7735910935076458,0.0,0.0,0.0,0.0,0.0,2.3994694934543848,2.289146653530097,2.291256468150329,0.0,0.0,2.673344422596126,0.0,1.9378014774051453,1.9462304862499609,2.481566221183272,0.0,0.0,0.0,0.0,0.0,0.0,2.360803515934049,2.4662848110520783,1.2371698905535702,0.0,1.3300927556161617,2.2954427282881245,0.0,0.0,2.3431028759776167,2.4487099367964054,2.308319151450488,2.624707505979291,0.0,0.0,3.1851072875170336,0.0,0.0,1.869484654717925,0.0,0.0,0.0,0.0,0.0,2.535483420456417,0.0,1.9267725095220467,2.0371822584844,2.5578503311897784,1.9917003344479207,0.0,0.0,2.2859787294262874,2.355960520252224,0.0,2.526126184031721,0.0,2.0274411525313005,0.0,0.0,1.9147899345251933,2.572024691263624,2.4131231046601047,0.0,1.8336375432129584,2.450435437114348,2.2990858651632884,2.3905749771622595,0.0,2.508572746337612,0.0,0.0,0.0,1.8020402411392933,1.96491769552058,0.0,0.0,2.1211547708624785,1.7622453430015703,0.0,2.120571870396817,0.0,0.0,0.0,0.0
NR0B1,0.0,0.2134295597996168,0.0,1.777115803135094,0.0,2.044766163452812,0.0,0.3283059512484457,2.2553018506173523,2.2247050742846604,0.0,0.0,0.0,0.0,1.6097519950575447,0.0,0.0,0.0,2.2595506858425733,0.0,0.0,0.0325381304538313,2.1098010763128685,0.0,0.0,0.0017506954323106,0.0,0.0,0.0,0.0,0.0319291841609049,2.2511031974932108,0.0108781048201554,0.8189549191990391,0.0,0.0,2.088585021186649,0.0,2.2082596149580893,1.8151157648409595,0.0,0.0,0.1689675243472475,0.0,0.008955980526976,0.0,0.0,2.3439681451050163,0.0,2.3159442177431897,0.0,0.0989357133276023,0.0,0.0,0.0,2.1522236633645937,2.4805059503192326,0.0,0.0,2.7843690821419216,0.0,0.0,0.0,0.0,3.0552086007131942,0.0,0.0,0.5266199701989911,0.0,0.0,0.0562269238800162,0.0,2.8453925377415783,0.0,0.0,0.0253854827850014,0.0,0.0,0.0065470815689661,0.0,1.1361989238828898,0.0,2.5145173323980585,0.0,0.0,0.0,0.0,0.0059390576970427,2.467072125252016,2.0289060126637377,0.0,0.0,0.0,2.0130991167211967,0.0,0.0,1.6340557555487532,0.2742206992341822,0.0,0.0,2.2222802041279093,2.83214641778402,2.222978719538436,0.0,2.651685011677316,1.7874761106954784,0.0,0.0,0.0,0.0001508856430479,1.804311188851212,0.0,0.0,0.0,0.0,0.0,0.0,2.161112066533565,0.0,0.0,0.0,0.0,0.0,0.043723060676629,0.0,0.0,0.0658598736286731,0.0,0.0,1.9656286725868752,0.0,2.426001988810629,0.0,0.0,0.0,0.0,0.0,0.0007815098490793,0.0,0.6409662555499571,0.0004651431463417,0.0,0.0,2.631138846076507,0.2862248073080398,0.0,0.0,2.765555224861284,0.0253578411973061,2.156089331189151,0.0,0.0,0.0,0.0,0.0,0.0,0.0,0.0,2.1882183436762817,1.3488297745190525,2.187437259111392,0.0,0.0,0.0,0.0,1.9674675075264068,1.258523177788578,2.85210719778484,2.106010958163131,0.0,2.164797819652616,2.8208011760219165,0.0,1.2785249629323607,0.0,0.0,2.006271072694085,0.0,1.5893118771575483,0.0,2.3359794219170853,0.0,0.1152794792155429,2.1464499855125503,0.0,0.0,0.0,2.7265445276368934,0.0,0.0,0.0070261698483902,0.0,0.6146167493266423,0.0,0.0,0.0,0.0,1.0191623455291825,0.0,0.0,0.0,0.0,1.3254077434454552,0.0,0.0,2.2131501591112333,2.472557558481675,0.0,0.0,0.0,1.6759896403601304,0.9510153614408526,0.0,0.0341226993670994,0.0,0.0,0.0,0.0,0.0,0.0,0.0,0.0,0.0,0.0,2.266321225834538,0.1118380188404702,0.0782701713209866,0.0,0.0,0.0,0.0,0.0,0.0,0.0,2.187553162503425,0.0,0.4522307822869514,0.0,0.0,2.351241148347499,0.0,2.501764562030124,0.0,0.0,0.0,0.0578426590142653,0.0,0.0,0.0,2.6560376426718064,2.5822281318921134,1.9556654917451315,0.0,0.0,2.4249541801738275,2.5511493364172098,2.282474837170076,1.6031100148462718,0.0,0.1529240175614314,1.4059361724701538,0.0,0.0,2.4882322737211715,2.830597833160509,2.842759056990686,2.2042773347964526,0.0,0.0,0.0,0.0,0.0,0.0,0.0,0.0,0.0,0.0,2.4419251497359062,2.648036816820833,0.0,0.0,0.0,0.0043940676010572,0.0,0.045246442327595,0.0,0.0,0.0,0.1368511589223643,0.4984132201934498,2.550704850208899,2.1970212966066094,0.0,2.366314226668646,0.0,0.0,2.106572956673185,0.129999173936953,0.0,0.0,0.1165738911706009,0.0,0.181484614015062,0.0,0.4383744098099197,2.1631962624502776,2.497198089431392,0.0,0.0,0.0,2.1947265326481737,0.0,0.0079408499478353,0.0,0.0,0.0,0.0,2.3419830328240248,2.0152342242988723,0.0,0.0,0.0,0.0,0.0,1.86117989806076,0.0,2.6006689027557064,0.009131187638585,0.0,1.9346163449663565,0.0,0.0,0.0,2.488151992550064,0.0,2.588481420732561,2.1007188136358206,2.913852567157752,0.0,0.0329654286939274,1.7201185673831034,0.0253607081963082,0.0,0.0,0.0,0.0031462186541443,0.0,0.0,0.0,0.0,2.218137377299209,2.296112263199833,0.0,0.0,0.0,0.0,2.619138791661777,0.0379919307283652,0.0,0.0,2.0113806373788106,2.4002860368737595,0.01036468369708,0.0,2.242118184423048,2.6941216136346617,2.2005035934981487,0.0,1.0284831077769323,0.0,0.0083655884291902,0.0,0.0,0.0,0.0,0.0,0.0,0.0,1.9536436463664733,2.291828479677996,0.0,0.0263622313387575,0.0,0.1079814707199676,0.0,2.2491431750930126,1.6995152682338874,2.1479833355515465,0.0056453108151712,0.0,0.0,0.0,0.0227243932999384,0.0355327826851446,0.1041520473484441,0.0,0.0,2.3473023073391523,0.0,2.3910071578880565,0.0,2.671643172157542,1.8885351304266635,2.133542843061724,0.0,0.0,0.0,1.7382939930844792,2.2128662151673955,0.2124495404712471,0.0,0.0,2.1352153818495307,0.0,0.9404548918125196,2.1868448332345136,0.0,0.0,2.441492210129772,2.0071825476519134,0.0,0.1888306328166198,0.0,0.0,0.0020566702491328,0.0,0.0,1.7614908227238897,1.619652852527585,0.0,2.2835395661912408,1.4752030186787413,0.0,0.0,2.1405391340245723,0.0112668532038737,0.0,1.8643104123815293,0.0,0.1110881927160051,2.2052859848055086,0.0,0.0054823495448718,0.0,0.0,0.0,1.867753515208372,0.0,0.0,0.0,0.0,0.0,0.0,0.1457792669425339,0.0,1.6326033648701683,0.0,2.618044277752997,0.0,0.0,0.0,0.0,1.7742463046046566,2.0288737892420943,0.0,0.0,0.0,0.0,0.0,0.0,0.0,0.0,0.1625181422762703,0.0,0.0,0.0,0.0,1.6864000313672642,0.0,2.3521314906886013,0.0,0.0,0.0,0.0,0.0,0.0,0.0,2.3976889202589247,0.0118221489406363,0.0,0.0,0.0,0.0,0.0,0.0,2.472148292523522,0.0,2.7283619766296154,0.0,0.0,1.9549256306451008,0.0015871536397846,0.0,0.0,2.5181052730829023,0.0,0.0,0.0,0.0,0.0,0.0,0.0,0.2488505407620792,0.0,0.0,1.9271129749657032,0.0,2.2441083929914343,0.004787598386663,1.4008026368630184,0.0,0.0,0.0,2.41303641227694,0.0,1.4321398848322444,0.0,0.0005451816959594,2.2724145316341486,0.0159849617498057,0.0,0.0,2.0856838976905148,0.0,2.4014897961987502,1.7875483082540071,0.0,2.273450193071344,0.0,1.8974346681825305,0.0,0.0,0.0,2.3693308714541024,0.0,2.085250098498173,0.0,2.008578699641485,0.0865306929800867,1.5803075671802311,2.244980278503176,0.7581188006730794,0.0,0.8402681092952646,0.0,0.0,2.5142615822751595,0.047464261223629,0.0,0.0218947673019546,0.0,2.298345583496893,0.003725263881048,0.0,0.1967798111914299,0.0,0.5052747514204771,0.0065890464318857,1.114771716546081,0.0018004373997221,2.510666354315825,0.0055818187369914,1.9813812660039256,0.0,1.7976375388683097,1.6395204594846888,0.0,0.4327984538151837,0.0,0.0,2.4347359969293003,0.0,2.343100995265793,2.3068483639116457,0.0,0.0,0.0,1.4614155556585473,0.0,0.0163198735151546,0.0,0.0,0.0,0.0,0.0083039670724002,0.0,0.0,2.0925516919566283,2.1055176737988472,0.0,3.1572262034352185,0.0,0.0,0.0,2.3667789026417982,0.0,0.0,0.0534602964386121,0.0,0.0,0.0,0.0,0.0,2.537001041793648,0.0,0.0,0.0327414120552315,0.0141820093723904,2.1957424440964366,0.0,0.6510410703381581,2.7010630605893464,0.5574248104373858,0.0,0.4348755248439773,0.0,1.1225212202808368,0.0,1.8009614664582194,0.0,0.0,0.0,1.7154997057777208,0.0,0.0051442109923525,0.0385828761594799,0.0,0.0,0.0,0.094283105159993,2.320878394041796,0.0105541534063451,0.0,0.0,0.4133651465760553,0.0,0.2248232036248222,0.0,0.0223171766378105,0.0,0.0,0.0,1.8351579095351584,0.0,2.5040017603883653,1.4552273491972612,0.0,0.0,0.0,0.0,0.0,0.0,2.811117998366034,0.0,0.0,0.0,0.0,0.0,0.0,0.3944968998297986,2.0422267719598515,0.0,2.2810418550126847,0.0,0.0,1.8182631722714464,0.0,0.0,0.0236060134178265,2.2924353010087843,0.0,0.0,0.0,2.1394768166601232,0.0,0.0,0.2360102810790951,0.0214906401078762,0.0,0.0,0.0,0.0,0.0,0.0,0.0,2.1764019412439466,0.0,0.0,0.0,1.1289634889890954,0.0038740031337036,0.0,0.0,0.0,0.0,0.0,0.342882228751133,2.2126995527345565,2.144681841396518,2.611307278449136,2.2495677779038696,0.0,0.0,0.0,0.0,0.9427458084655428,0.0,0.0,0.0,0.0,2.2948502387085865,0.0632414274854222,0.0,0.0,2.1049501344124506,0.127165483948605,2.50386309848132,0.0,0.0,0.0,2.3934329384765287,0.0,0.0,0.0,0.0,2.5839155017031548,0.03604418306062,0.0,0.0,0.0,1.7974039130229158,0.0,0.0335644916850089,1.702687655505042,2.3744315958975326,0.0610672488947436,0.4197668994438539,2.244431716023483,0.0,2.111984695355036,0.0,0.0,0.0,0.0,0.0611615890081526,0.0,2.7324503902220414,0.0011772903924392,2.5466322994196244,0.0,2.3345630145138085,0.0,0.0,0.0,2.1009704660611184,0.0,2.4503366140410283,0.0573971607575845,2.5087693222008567,1.9201938848091893,0.0,0.0,0.0,0.0,0.0,0.0,1.8326292976195115,2.2455033188797784,2.34928232866981,0.0249561499338909,0.0,0.0,1.9137018036626896,2.3307321904137406,0.0352253949635802,2.1186340937168846,1.8048667119646151,0.0190520218273942,0.0,0.0,2.318850294402808,0.0048710749921847,0.0,0.0,0.0,0.1713252406205471,0.0509948924414167,0.0,2.5405195262287377,0.0,2.2051257594118283,2.302086699972356,2.2150993470113653,0.0,0.0001157277847619,0.0,0.0,0.1598458628346392,2.48286268494581,0.0,0.007283120009314,1.223010657408251,0.0,0.0,1.2105281123435818,0.0,2.1905981792779943,2.405532275573988,0.0,0.0,0.0,2.3501219613839828,2.1960065341080264,0.0,2.254078880471496,0.0,0.0,0.0076350802717899,0.0,0.0,0.0,0.0,0.0,0.0,2.1136294576292043,2.3793862319742014,0.0,1.9894983917806888,0.0,0.0058106356225689,0.0,0.0,0.0,2.5931016902970025,0.0,0.0,0.0,0.0,0.0,1.8601135431566176,2.311656483993928,2.678350479269966,1.7142166640816985,0.0,0.0,0.5095262094769339,1.5387199572610402,2.311998866014349,2.7489203705907936,0.1841648509632056,0.0,2.3389539458375683,2.120762877821041,0.0,0.0,0.0,0.0,2.1201525951073497,0.0,0.0,0.0,2.3408327315681148,2.1817128549770235,0.0173601047362993,0.1776336604506713,0.0,2.433531582164884,0.0,0.0,2.2562647353940903,0.0,3.9649299870835736e-05,0.0,0.0,0.0,0.0,2.117242951061624,1.7891722236556482,0.0434404338921837,2.3744584835547267,0.0,0.0,0.0182621975168822,0.0080024847477572,0.0,0.1228791307312954,0.2636117445045554,0.0,2.111007253209209,0.0,0.0,2.6041537950682616,0.0,1.7668276282767603,0.0,0.0,2.2734928302840016,1.5967721592932356,0.4508426329720802,0.0,2.103074534547956,0.0,1.7097196780765849,0.1107666321264681,0.0,0.0,0.0,0.0,2.106730713443663,0.0,0.0,0.0,2.227757264458377,0.0,2.5482150509820563,0.03154508075629,0.0,2.46153357272328,2.9628294144077056,0.0,0.0,2.4017963425395985,0.0,0.0,0.0,2.4187483109241543,0.0,0.0,1.885159928773579,0.0,2.948951802440393,2.3014805315968503,0.0,2.2591049707015416,0.0,0.0,1.9706623745080023,0.0,0.0,2.121268179602024,0.0022653501279925,2.1589883011825544,1.6896840856884523,0.0,0.0,2.3490846973494173,2.2698461879654044,1.973529709870834,0.0,0.0,0.0,0.0,2.1388622432590068,2.161607505423924,2.313894021555144,0.0,1.170111292265539,0.0,0.0330470342307398,1.7542589718401689,0.0,0.0,0.7789822211028393,0.0,3.134045102732748,0.0,0.0,1.9670670207998389,0.0084078670442481,0.0,0.0,2.204023651402292,0.0,0.0,0.0,0.0,2.137690878195768,0.0,0.0,2.2275881505565667,0.0,0.0,0.0,2.400497921849009,2.10239767264875,2.9784588515108563,0.0,0.0184524046888689,2.0537120968135967,0.0,0.0,0.0,0.0,0.0,2.91538703907236,0.0,2.2110330276034467,0.0,2.013780803318568,0.0,0.0,0.9610728068553244,0.0,2.2950158787927206,1.1634434275729126,0.0,0.0,0.0,0.0,2.6653515308815976,2.3220100097537526,0.0,2.6313491206675965,0.0,0.0,0.5031614336688816,2.061526560863738,1.79851052844217,0.0,1.8211993439093253,1.4226057592176178,0.0,0.0,2.6486736607874346,0.0,0.0086121611114883,0.0,0.0564554328322334,0.0,0.0,0.0,0.0,2.7544109968025627,0.0,2.2139701566497108,0.0154497693169566,2.357516761494125,0.091922622917862,0.0036679072204137,0.0,2.6733285280086703,0.0,0.0,0.0,2.1054082767381765,0.0,0.0,0.0,0.0,0.0702460084859216,0.0,2.5960571024675763,1.7366156048342642
NR5A1,2.726939167930836,2.361117322252228,2.3505660378826416,0.3952941666427319,2.1287284100039647,1.2783220938246218,2.1140240719125307,0.0,0.187634065398684,2.0989602605663435,2.341149012245096,2.5416547246301,2.397803101115315,0.0,1.9102261836361376,0.0,0.0,2.41276103936644,2.575973020696253,0.0,2.290837581374164,2.49080108109301,2.6266493653571605,2.292960991249565,2.365054632629769,2.4525926256064228,0.0,0.0,0.0,0.0,0.0,0.0,0.0,2.7350114681469555,2.0000220779959355,2.8704299110556897,0.0,2.2400029505514163,0.0,2.0175353018196343,2.332031052934334,2.1395223902762672,2.187608736367112,0.0,0.0,2.12210993355312,2.2064409670630187,0.0,0.0,0.0,2.811352283405576,2.8601181778225,2.394314421522936,1.8528764855753428,2.49501216515369,0.0,0.0,2.1316323862219058,0.0,0.0,0.0,2.3955622823256544,0.0,0.0,2.38956120869391,0.0,1.9823904785698343,2.102388406156669,1.9124554049500704,2.008039733894424,2.5537464078680334,0.0,1.422040027297094,0.0,0.0,2.0719759245688683,0.0,2.043597823404527,2.279283080600547,2.061039849192273,2.2012361333052786,0.0,0.0,2.7077813368366934,2.6372039839751613,0.0,0.0,0.0,0.0,2.046227345493893,0.3123190230820909,0.0,2.1466444560635694,2.758475624437001,2.0946502942490417,2.180827568037345,0.0,1.8789395466088417,1.9774302860070352,1.956200483213655,0.0,2.0641808891484392,1.577462545086025,2.1519930349721204,1.7782214747591618,2.3282647562716057,0.1533943552841713,2.100536617912614,1.7062910184085716,1.2053748280324523,0.0,2.148274663931547,0.0,2.08816162742742,2.263542093733377,2.3735130047991086,2.2705793969085164,0.0,2.1386583743353684,2.520823342515666,0.0,2.145217714563936,2.788307142194562,2.0204488570922754,1.838594488046564,2.229187644841496,0.0,0.0,0.0,2.322455803771899,2.2025415625587392,0.0,0.0,2.103152805229798,0.0,2.0576114363436004,0.0,0.0,2.2774911283736827,2.3155052996340406,2.315925939757877,0.0,0.0,0.0,2.1915386150730107,2.3646534146775453,2.0025281219334943,0.0,2.2411677093223203,0.0,2.431627897453968,2.330173843799616,2.050004001490798,2.1298339880952337,0.0,2.7380627384382805,2.1514888674784967,2.2357391015005605,0.0,2.3697301150455683,0.0,0.0,2.788479232851278,2.251957034823461,0.0,0.0,2.3241262795230297,0.0,1.2027313786812366,0.0,0.0,0.0,2.140977231837833,2.1049744777341264,2.0716073258446013,2.0727671106331584,2.0089241251339645,2.316549010546125,2.204310690933456,2.0216820629958807,2.346283925937429,0.0,0.0,0.0,0.0,2.5020513588888464,0.3444422528564485,0.0,2.3201035178239025,0.0,2.066329676529898,0.0,0.0,0.0,0.0,0.136002288032532,2.448618212670864,0.0,0.0,0.0,2.156258419223456,2.3770690665120857,0.0,2.138287395124812,0.0,0.0,0.0,1.4290433246243794,1.7429094298087442,0.0,2.007158272738479,1.7323309731600711,0.0,2.4441726930534213,0.0,1.1945855596249595,0.0,1.3751984706080371,2.2545256506368103,0.0,0.0,2.172983416610902,2.5463029184703188,2.1489501737700425,0.0,0.0,2.2960399021338453,0.7207339539683248,2.4280670583825987,0.0,0.0,2.345095142495288,2.0417411552583573,0.0,2.3374567208629133,0.0,2.281868114262919,2.335975499102244,2.6278949800938003,0.0,0.0,1.89432094562116,2.186334166973197,0.0,2.1242143740004686,2.398436192152791,2.30028525164347,0.0,0.0,1.8204567014436104,0.0,1.1933576125908034,2.0631620146658376,2.08446516737538,2.13441599388001,0.0,0.0149774814520031,1.0900129389236937,0.0,2.272935133649472,0.0,2.2094311262379773,1.9858548288162297,0.0,0.0,0.0,0.0,0.0,2.632556209801697,0.0,2.4141662549874816,0.0,2.79890660930962,0.9626105083063682,2.074155122293383,2.163106747751309,2.446163467811232,2.1085254150639616,0.0,0.0,2.0007706929132065,1.7013871774085094,0.0,0.0,0.0,2.2482723530386024,2.230788154460141,1.7062511497498702,1.9898631915279188,0.0,0.0,0.0,0.5794157437156995,0.0,0.0,2.382628549127116,0.0,2.438063161078656,2.139194654246676,0.0,2.440766830467476,2.1300492517379173,2.121618469181447,2.567564874551036,1.904603890797984,0.0,0.0,0.0,2.307870384668356,2.1969010256670143,0.0,2.117889105373458,2.4847234170445107,1.6941608078025263,2.483569188265731,0.0,2.100531634508696,0.0,0.0,0.0,0.0,2.046055663247277,2.393909135066626,0.0,0.0,2.006002744244156,2.2819410984372523,0.0,2.0450589843330813,0.0,0.0,2.8176858841500287,2.212255818219173,0.0,0.0,0.0,0.7601950466539393,0.0,3.2071676488113385,2.60404918383486,2.3579672796203064,1.727444905363111,2.7012758476969383,2.5516813294885234,2.396578084332209,2.058981265390971,2.330017622214584,0.0,2.061691874670236,2.143900910248977,2.254244525474587,0.0,1.8002968109499642,2.287873743635771,2.175297858161896,0.0,0.0,2.4478165180961846,1.90910927645602,0.0,0.0410741141066343,0.0,2.017677302063011,0.7178079938883168,1.7275252653128688,1.9026568225294085,0.0,2.5595592276256003,0.0,2.1262418293914034,1.6479816729018035,2.492185769304708,2.2151117253539803,1.948910952305628,2.543108370618684,2.1506668453133284,0.0,2.105004933819492,0.0,1.2991376840183824,2.7508577718740748,2.141592882153569,2.234377496831077,0.0,0.0,2.1514482172673906,1.9357267466959327,0.0,2.265665861433505,0.9658716607996196,2.02860010187422,0.0,1.975254705812514,2.1323537767862444,2.546315957822445,1.8915339737865229,0.0,2.1302871615180057,2.1550421152539814,0.0,0.0,0.0,0.0,0.2738565762006389,1.8464199926345963,2.464631503624409,1.8654440012759927,0.0,0.0,0.0,2.4235741669767856,1.099986513187677,0.0,0.0,2.5364121820032173,2.0750262036824285,1.9649974800722232,2.241673888458241,0.0,0.0,2.097511959976866,0.0,0.0,1.1421497424740037,2.0953629187074605,2.2844361046281305,2.2044183530619703,2.2293525885293435,0.2206879794707326,1.6036558482596155,0.0,2.477715075461329,2.0517942690249806,0.0,2.25763463665008,2.117890201207249,0.0,2.14941711293192,2.4767625803287903,2.297474727070214,0.0,2.1740998291374805,2.2268329317285005,2.315901222324901,2.1139461854010024,0.0,0.0,0.0,2.2254770614589057,1.9668349353667536,2.045427954246759,1.6155391023699432,0.0,2.296744638067067,2.6767589635253075,1.9866901574501843,2.508967496276337,0.0,1.934283034477692,1.8585920904667608,0.2984390747239739,2.633009691537462,0.0,0.0,0.0,0.0,2.5978203504604105,2.420718681557678,0.0,1.9923657915121609,0.0,0.0,1.9543971264795368,0.0,2.040933728903846,0.0,2.1584554375270857,1.991773011945312,0.0,1.6218810233490917,2.1844385787206093,1.9227774282701533,2.2963719216149467,1.9360672088271351,1.8673441588367328,0.0,2.4281718231027467,0.0,2.1518165272852388,1.4236469968520582,1.7517353319477107,0.0,1.9471913931550435,1.8793478343267176,2.0062011562787854,0.0,2.688484254363755,0.3752919711022975,2.142849393218072,0.0,0.0,2.3012214911443225,2.536985807946776,1.9846706984684188,0.0,2.139241602256761,2.189708617169074,2.2364193950817883,2.287522431374787,2.2851991398123865,0.0,0.4878724952159694,2.196053117634399,2.016989734389771,2.558468257949732,2.4294962888249327,1.9826341781013408,0.0,2.2124594734504908,0.0,2.6525740601739103,2.2908965697758075,2.7892058862166875,0.0,2.137464415119819,2.39147165678625,2.779373198422234,1.4989350914575552,0.0847210317728325,0.0,0.0,2.236261329677368,0.0,2.6633267721051856,2.677812418835603,0.0,0.0,0.1399785015631136,2.0420752556250683,0.0,0.0,2.3073108494143564,0.0,0.0,1.0716760066101172,0.0,2.8551382335338378,2.5013457712258904,2.471566501100237,1.0838039796474497,2.645844360734848,1.8684687665870143,0.0,1.879622946215308,2.676388688101376,1.98801704947004,1.8372785064773791,0.0,0.0,2.608148463049175,2.1805061050867747,2.3621817825763705,0.0,2.8893053524328174,2.13584749120614,0.0,2.3292407176611656,2.3005209647251044,2.1605286768643643,2.4442869972049257,0.0484214850144515,2.282359908915104,0.0,0.0,0.0,0.0052805320660414,0.0,2.8840063963584446,0.0,0.0,0.0,0.0,0.0,0.2542242624188586,0.0,0.0,2.357614034247707,2.0121421856629977,0.0925797236879792,2.106397467215174,0.0,0.0,1.8482343713700315,0.0,0.0,0.0,2.2111026771700235,0.0,0.0,1.9628523823747184,0.0,2.4060902541983693,2.2111590130180736,2.610065646681845,0.0,0.0,2.675656493689349,2.2264209090536253,2.0709715827046,0.6431200302377187,1.8942326803082927,2.4317692863530485,2.1057436767756843,0.0,0.3150668880639427,0.0,0.0,2.2663943242812974,1.9565155902325644,1.6732551810326055,2.0282901703347305,0.0,2.192600530165348,2.170271449603283,1.6296325890041623,2.893571419284453,2.28001084061723,0.0,1.9713313193343127,2.190255848292681,0.0096388711174811,2.6395348452391496,0.0,0.8351016385937127,0.0,0.0,0.0,0.0,0.0,2.345784769616661,2.548967459082263,1.71890271009172,2.3356037919417947,2.3379237287831653,2.3188343169132297,2.319340832006632,2.088313522508083,2.1087100370637883,2.2597535153907584,0.1756046909270058,2.0735172524239345,0.0,2.0810351105309093,0.0,0.0,2.1784219593385847,2.409952624324149,1.7862317364064515,2.180699629095916,2.640473440938168,2.0726893515549643,2.7024944350197404,1.9758041884626667,2.084105591963976,1.8825956332279408,2.4425033106516816,2.095642450531176,2.3826670736690327,2.012906717825921,2.5917610870874355,0.0,2.2204791000160204,1.808843400324096,2.2175186129081945,0.3529805852491696,0.0,0.0,0.0,0.0,0.0,0.0,2.037899234969575,2.2224179387598366,0.0,1.13853957452148,0.0,1.6686332159304131,2.1878590156467093,0.0,2.662818771309159,0.0,0.0,0.8357579732126005,1.9414662360279589,0.0,1.4643472963548272,1.8756116797974696,2.3381536770875293,2.354292052125039,0.0,0.0,2.115526395109571,2.097807695420184,2.361007224473405,2.044029259859588,1.772743396153969,2.333135220593749,0.0,2.2536194014280704,1.2983533520201258,1.4241319407765944,2.000855986611312,0.0,0.3934955181772541,0.0,1.9802594645961809,0.0,0.0,0.7400274748581422,2.732822148846664,2.2516507563457235,1.7196360164386837,2.2148505094947937,1.799947383420318,0.1556964180941495,2.1270088359438475,0.0,0.0,0.0,2.520527722764818,1.6220136331879231,2.213302994372837,0.0,2.1019988719899825,0.0,0.0,1.8215176403804567,0.0,0.107963807802319,2.0724865385336004,1.9706204069488693,2.2791727876804506,2.0715129678156075,0.0,0.0,2.1417330128073675,0.0,0.0,2.662576658084644,0.0,2.268039601593141,2.1496275819460458,2.017225369710024,2.3288779652603804,2.327899830419947,2.9974470990700093,0.0,0.9648470030658242,2.0059403357008567,2.2036146625890565,1.699189146116202,1.6224033723384446,0.4659443464964567,1.9083497461765195,0.2039316023700281,2.007094315542938,2.0104939367574666,2.0519385742543723,1.97819859196378,1.9197418322410007,1.759309017471265,1.6459546038612338,2.1435441134840776,3.609370305596165,2.19270160839158,0.0,0.0,0.0,0.0,1.7328064945884858,0.0,1.805537065691005,2.0544532254978742,0.0,0.0,2.407735904165172,0.0,2.198777987822051,2.3193204574199293,0.0,0.6476176998696047,0.0,2.2321722106181374,2.5797459474913,2.235170210792719,2.0623739811321493,2.1373216365152503,2.6483068617837047,2.2669537595412548,1.862887464588037,2.010155362806603,2.6356801633731486,0.8323517068125782,2.169317371083185,1.9926917119114995,2.216484190128236,1.9785536751126704,1.9910039679142533,2.0360006159670108,1.992664914583908,0.0,1.9792609562860537,2.3621641058609555,1.789621529522086,2.6913360913907884,1.9969107006250884,0.0,0.0,2.183410974906133,2.1828752425386493,1.817227029266948,2.293909642581676,0.0,2.896270359124088,0.0,0.0,2.08730865905195,2.074970213430724,0.0,2.580805340302628,0.0,2.328214370528694,2.0954061066661103,2.4279561736630115,0.0,0.0,2.2895203154258432,0.0,2.0628494601651868,2.4844447991116385,0.0,2.0682054570194053,2.437657157913287,0.0,1.7145376363261866,1.7127303283560218,1.8412053287327352,0.0,0.3749164569935069,0.0,0.0,0.0,0.0,2.342674537657935,2.223846975394572,2.0049444167745065,0.0,0.3417873108980203,0.1654707987981573,2.152919210531038,0.0,0.0,2.1681363850977684,0.0,2.0256862163145053,0.0673217162302495,2.7302131883788867,1.9880982675396133,0.0,1.916143223853064,0.0,0.0,0.0,2.1836642422143164,2.6759737579981304,0.0,0.0,0.0,0.0,2.09695815507148,1.1513358749317426,0.0,2.0555951292264965,2.4974109475924364,0.0,1.851481165313776,0.0,0.0,1.320835183789679,0.0,2.065190280496617,1.9728886014867444,2.6565151094849733,2.4408293978189426,0.0,2.3168034879475257,0.0,2.2883101871176503,0.0,0.0,0.0,1.5310252038758052,0.0,0.0,1.5752110921722764,2.082125103444603,0.0,0.0,0.0,0.0,0.0,2.9141636618168305,2.676293903226137,2.4406695352182326,0.0,2.163177766099458,1.7973784869299438,0.0,0.0,0.0,2.1529829986968188,2.386767432551703,2.49343201359505,1.8386927265178576,1.824102111365936,2.0281541144672235,0.0,0.0,1.2274285638655504,2.608405388466619,0.0,0.0,2.3649564159062986,0.0,2.1020495377226727,0.0,2.069043535646261,2.018241148228774,0.0,2.1704577589973275,0.0,0.0,1.7972563169075289,0.0,2.265456273532692,0.0,2.0156747574070795,2.0224929823814017,0.0,0.2465003041342422,2.184654092819565,0.0,0.0,2.732783159837352,2.6177613773739514,1.7168757152485126,2.0779112606067174,0.0683811070833856,2.6950186750233738,0.0,2.2494965952028214,0.0,0.2697708937712679,0.6404478761268437,0.0,2.315934884554764,2.4605915763580555,2.0979168570904387,0.0,0.0,2.30243345925104,0.0,2.1750566591634257,2.319924719444164,0.0,2.3070278901511827,2.3930455930068386,0.0,1.8267917730993688,0.0,2.226425756755261,2.4856597239539067,1.890460140940248,2.107940010789125,1.3382185857126427,0.0,0.0,0.0,2.082774782139931,0.0,2.160320734589788,0.0,2.466495989434981,0.4424347061488299,0.0,2.1193213824426103,2.491823938503538,2.539141414268073,0.0182508962459436,1.98790949125996,2.2895328119009863,3.0176777887602064,1.6893589131837166,2.10215095990316,0.0466081093678551,1.9853676557523792,0.0,2.39199427546488,0.0,2.621484576479144,1.2507435664718023,2.0128874201742657,0.0,0.0794915329231458,2.450632584525315,1.0210062552904733,2.1689591437781788,1.9250903120247305,0.0,0.0258179971287234,0.0,0.0,0.0,2.053049189188932,2.441289432642483,1.826709636064053,0.1468732418922816,2.049190658581196,2.3175739726122453,0.0,2.0545881866259825,1.9426515088802787,0.0,0.0,0.0,0.0,0.0021938565058819,1.98441020681166,2.4255728524296014,0.0,2.0608546207953484,2.221899790632398,0.0,2.794882562580866,0.0,0.0,2.365306486320192,0.0,2.476961669934528,2.0631986276942493,2.322799874125598,2.2761010418371184,0.0,0.0,0.0,0.0,2.2681605894841126,2.1126909206041367,0.0,2.0487995694213046,2.1532754833209697,0.0,0.3291296284214784
PGD2,1.8448185727864983,2.2538709356528948,0.0,0.0,2.1173206095679,0.0,2.2401991240824177,1.9308123941581967,0.0030684738495729,0.0292379253762392,0.0461322412235842,0.0,0.0,0.0,0.0,2.167410291739207,0.0,1.8993049225730512,0.0841136907143172,0.816286477155437,1.7647892447413251,2.2045962953446625,0.0,0.0,0.0,2.0477783829628,2.0173176967744992,0.0,1.854290197090228,0.0012129488915817,1.7595758857883386,0.0,0.0,1.5384283393271423,0.0,1.7149908614969422,0.0038337399055519,1.2721145802246494,0.0,0.0,2.041699338338673,0.294214761768503,2.7690333569118617,0.0,2.3023277314203163,1.837983479597472,2.4890857640826853,0.0,0.0,0.0,2.459175143268328,2.270676793452689,1.3030721283600175,0.0036208240352246,0.0,0.0,0.0019682988938999,2.4794591807970634,0.4281500892846334,0.0986525171924224,0.1209660024891934,2.30396980068948,1.7361687641661487,0.0899062362097725,0.0412851847114654,0.0,1.3799073586798791,0.0219253828353035,0.0,0.0,0.0,0.0,0.0,0.0,0.0020155620446733,2.0563702683783363,2.0394513566415737,1.9658610645754808,1.8893483414498429,0.0,0.0,0.0,0.0,0.013833612310409,0.7344898860669585,0.0,0.0,2.235508586972049,0.0,0.0746137286461347,0.0006623907268165,0.0053673927039656,1.727890132437956,0.0,0.7602497217856984,1.495299469744897,0.0,0.0,2.5131635798216947,2.451642026848121,0.0,0.0300707202741285,0.0,2.254942126544909,0.0,0.0,0.0,1.767703772310106,0.0,0.0,0.0625422506110557,2.0732280380627888,0.0,2.638464797283723,0.7685242255578226,2.8662575127288976,0.0,0.0,1.5694281063293267,1.9259033373748151,1.8512611880654228,0.1816813811713345,2.0313225415146987,2.156227915140568,0.0077659297803711,1.816571579038348,2.498419526478404,0.0,0.0,0.0,1.258860182606392,0.0230265477860696,0.0,0.0,0.1054974962478724,0.0,0.03958396429096,2.0425468550254866,2.045607941434433,1.550992102774808,1.8441789041896903,0.0187469691924483,2.2034587869803457,0.0,2.3517559785093245,0.453808217445113,1.007884849218008,0.00103473239318,2.5838325862976794,0.1685433621680254,2.1334738299598257,2.2342128561134458,2.098311157729896,1.647315427685382,0.0,0.0129484536178586,1.951093022178711,2.1606218313227106,0.0,1.0103313969802954,0.0106410594295213,0.0,1.7333945816756091,1.5567644548364317,2.311899982842044,0.0021679376109955,1.3239999237311455,0.0,0.0153390354196627,1.886902257063461,0.0,9.973462257430884e-05,2.1361881732302628,1.7661346691516584,2.2707708499556114,0.0284847920465101,0.0634468368464917,2.484301434026437,1.2291491605606748,1.8445539846107777,0.0,2.5388802672632336,1.9082004108386168,0.0,2.4415166267045345,2.307839336031204,0.0,0.0,2.502036751453669,2.2827720880356264,1.838034649227396,0.0043560846314658,1.3786263732005908,1.678260657581187,0.0,0.0,1.775587719225894,1.8543336725040087,0.0,0.0149343014422703,2.048255400293443,0.0,0.0,1.3566542194201308,1.3826588483207596,0.0,0.0,1.9956516805000977,2.127067719003532,0.0,0.1184251776969562,1.3254075440410509,0.0777370206293086,2.2602246197025013,1.5612528126141472,0.0,1.6011008769708612,0.0,2.9058115616470874,2.743925634263124,0.011186955661167,2.0447965847352685,1.900682083888396,0.0,0.0,1.9024087507287013,1.9326655287048304,0.0,1.7947014333522666,2.11671859285893,1.7987111527204689,2.3092273127288667,0.8666875441225308,2.0494638427278344,0.0,1.7925373401183975,1.5134753627597457,2.924513597732678,2.0635969064632995,0.0839323535483249,0.0,0.0,0.0,2.142987033416325,0.0,1.9709054946711304,2.3635240628270235,0.0,1.194504854879591,0.0,0.0,0.0,0.0,1.6680285366766157,0.0,0.0,0.0,0.0,0.0,2.302416672344746,0.0,2.197771213791118,1.5961835527604211,0.1243925097463401,0.0,0.0,0.0,0.0,0.0,2.002437270981227,0.0,0.0,0.0,0.0074766291109533,1.7424800590300864,2.788840989291872,1.946353199357376,0.0,0.0,0.0,2.0964555839639125,2.0784280581472223,0.0,0.0,1.952332338787332,2.456265810292384,0.7993880865183118,1.3230701947792989,1.712716164929326,0.1148275848157665,0.0,0.0,0.0,0.0079350402131767,1.7769544654570646,1.6953690182173424,0.0,2.228035975184434,0.0,0.0,1.9085470596232577,0.0,1.8294543279277904,2.0439980743539987,1.6126264905300307,0.0,0.0,0.0,1.871475068052096,2.1771415221378856,0.0249828728425055,2.317229830901956,0.0,2.7131790559452527,1.5161539950168228,0.0024192702595667,1.0807484879368123,0.0,0.0009699926244591,0.0,2.137917211481833,0.0,0.0148131378334877,0.0,0.0159906549784897,1.8308240141717496,0.0,1.4703081453437106,2.067970443529431,0.1520635315462279,1.01124523585784,1.80168468830188,3.313414694449213,0.0,0.0073303358518328,0.0,0.0,0.0,2.2836798519064327,2.177495972081467,0.7265647239511804,2.023377224193624,0.0,0.0,1.8678099550091949,2.184318005178164,1.6972524280906702,1.9368884013493028,2.1145082558059283,1.0545529952455108,0.0,0.0,2.846547839066679,0.0,2.289831813491195,0.0,0.023272758242294,1.7525868807991989,0.184745926397905,0.3878647542028155,0.0,0.0,0.0,0.0259516138664324,0.0083902775067224,0.0,0.0,2.119462148494632,0.0,2.3568066276005104,2.357657592410612,2.1654054902803,1.898455283799072,2.0742792342246403,2.7556372884824376,2.2804471770451737,0.0,2.077309196495525,0.0,0.0,1.6945211301055292,1.7807755525578846,1.9445144919363768,1.6685156018721568,0.078593238632894,0.0,0.0,0.0,2.5204979452627043,0.0,0.0,0.0271601847202283,1.983333658603252,2.599851010158996,0.001704197701037,2.4699360980558063,2.2472040584560373,0.0132263673070659,0.0892546350215554,0.0,0.0,0.0,0.0013401849803455,0.0,2.975410515296024,0.0061586691494488,2.494036166984121,0.0,0.0,0.0,2.324364773504998,0.0144749539561095,0.0,1.7773712681445455,0.10595976955699,0.0,1.6432753946460934,2.350701046886046,0.0,0.0,1.813555144805674,2.0863205738284205,2.2165468156934267,0.0,1.6442709705989804,1.9185126830339203,2.065909525314108,0.0904309764611932,0.1113556133154966,0.0,0.0037722589164604,0.0,0.2341014762100885,1.835445304745326,0.4000220510533841,0.0,0.0200231453874147,0.0,2.2945951731748617,2.201657373854241,0.0213834602024812,0.0,1.6573330814684886,2.484732815815069,1.946523191893728,0.0,0.0,0.0,0.9980639844495282,3.163879940554128,0.0,2.0934096384669485,0.0,0.0,2.281893331067871,0.0,2.001950017687088,0.0,1.9737205078773707,1.5473640971961775,0.0020289178796247,0.0,0.0620917628685985,0.0073486370043465,1.8284634852736965,0.0,2.3811016133583656,2.296300052357701,1.6096476131171993,0.0,1.8998444700737525,0.0,2.0268353478713927,0.0,2.3137273417001074,0.0,0.0,0.0,0.0,0.0,1.7672898853568508,2.184886037676081,1.573479375663348,2.2801492841476625,1.5155666617457348,1.5150556886811724,0.0,0.00623652202181,1.577502500800298,0.0,0.0054681448052737,0.0,2.657915276312472,2.139831314381728,1.984305348093117,0.0,0.0,0.0,1.8510963425665328,0.0025242216721655,0.0,2.3969211938350155,2.182111073353729,1.7853918244331837,0.0013798743336458,0.048111744141873,1.9717336160675352,1.6744116103875717,1.7326970552792549,2.1870564438961804,2.4206952181223818,0.0,2.167648602979753,1.992559663140636,2.759964679162039,0.0,0.0,0.0,2.3066833145952725,1.6793637429487165,1.7721042368924949,0.9894694643358242,1.870128588579968,0.0013414599599642,0.0177385540820737,0.0,2.155789801041848,0.0198486949382379,0.0,2.574397932540144,0.0,2.061133667509713,0.0,0.0,0.0,0.0,0.1479233639242784,0.0509564569827257,0.0,0.0,0.0,2.038053606123287,0.041019152246774,0.1835331337871328,0.0021847706911207,0.3744747130861641,0.074054890654298,0.0718791454138533,1.7948357083124105,0.0,0.0,1.2903796315188762,2.4552073626723265,2.0742387040466044,2.2618336959061907,2.15832323386504,0.0,1.7688812446751394,0.0462115132610937,2.485592609248454,0.0024645280621805,0.0,0.0,2.5410050973551845,2.549580486711001,0.3268818777246445,1.8034345934453253,2.349818914830065,1.1319858322256922,2.6051633511195407,0.0,1.8028522783289247,0.0,0.0,0.0,0.0,0.000533862797805,1.8001947209128095,2.62570796593082,0.0,0.0,0.0079499014770182,0.0007602543350533,0.0,0.0067962366224248,0.0073234328403143,2.364862130830677,0.2649728510106529,0.0,1.8604210532634016,0.0,0.07726669468649,0.0057150434014608,0.2700778426553582,0.0073301222934462,1.3508913833442182,0.0,0.0,0.0014195035213781,2.194498095782308,0.0,1.7097478370273562,0.0,2.221923422843603,0.0,0.0043823701686753,2.0758458522101955,2.0295122387603604,0.0,0.0107002383246369,0.0,0.0495972581800684,2.216534087635112,0.0190715463143314,0.0797874648544751,0.7278594673578516,2.947535931323107,2.355708505064051,0.0006878857896394,1.9782389617567908,0.0,0.0176451453410725,1.3807486690887196,2.1024138255357565,0.0,2.261089011900268,0.0,0.0,0.0,1.946983395919528,0.0,1.2773173430134046,0.0,0.0149053289343913,0.0,1.619524503782761,0.0008277605150457,1.3519848610656338,0.005731195449058,2.631599362858464,0.0,1.9094100291673584,1.2845480488962122,0.0888627643809393,2.393634150207486,1.9583987532300944,2.16074538828266,0.0,2.0058995069755734,0.0,2.0952995124137628,1.9201445181211023,0.0391017105692061,2.4425697777988,0.0,0.6682585717614759,2.0406262304805,2.400367635595553,2.3998349726996,1.7687334006174609,0.0,2.2375210582056084,0.0,0.014334467705305,0.3279461474107563,2.033354073814854,1.977896258868741,1.7837505532584963,0.0,2.053783488687664,0.0,0.0,0.0,2.1292654428711804,0.0,0.0,1.7782230000665893,0.0,1.586650892784458,0.1381640781642717,0.0,1.7851447701383976,2.851307021611873,0.0,0.0057040236452744,1.8029563443682173,1.7174058253920854,1.7367926587857143,2.0917387814983504,2.5209641946733345,2.21712675333204,0.0,0.0,2.2618904415500696,0.0,0.0,2.4371613321041155,2.232289836454658,2.1414825439263434,1.3473287074652287,0.0,2.1494305158160327,2.1821054291189674,1.0443327035718055,2.4666069303445983,2.286117466507615,2.098949187629433,0.0,0.0074674801665866,0.0,0.0,2.44106881788272,2.059206552352537,0.0024245242939512,2.734992073098236,0.0,0.1563904013624292,0.015674253097261,0.0,0.0,0.0051327729802215,1.982832591799312,1.2482879739487058,2.321172779190193,0.0,2.28971810375669,0.0,0.0738666613160033,0.0,0.0,0.0035707536666314,2.2999224467845534,0.0,0.6476500221389696,0.0,0.0,1.6779072305433085,0.0,0.0,2.4417305955716504,0.0,0.6526261331594974,1.7403006295888208,0.0017503566802665,0.014150871554152,2.174211056714975,1.201531328839804,0.0009516538571214,0.0,0.0,0.8617834561360712,1.5288373054790978,1.83628455186496,0.1357152950189217,2.232153902970432,0.1210439187455926,0.0,0.0097631326781537,0.0,0.0,0.3262394437918134,0.0,0.01138395352091,0.0,0.0,2.2058734552602632,0.0,2.281415063731356,0.0,0.1298687484794249,2.091759501367924,0.0,2.7466439737567327,1.7929336374728249,0.0,0.0307545066698814,0.0,0.0,0.0495677267541191,1.9985856574134933,0.0,2.3208270545648,0.4451197348012397,0.0,1.9928761810192592,0.0233874227376957,0.0,1.81994356575422,2.2438927517227225,1.909086914250824,0.0,0.0,0.0,1.9582170061427973,0.0,1.6913821385329142,2.6673511299781567,1.9535180398481595,0.0364071032980935,1.8536992567181323,0.0,0.6257841952748304,0.0,1.6428573305092171,2.236990693706135,2.274430729073444,2.478841300190185,1.9395659416465991,0.0,0.7500257514956032,2.388321990738629,1.2711536743047918,1.2037949709645082,0.0,1.3126510516446297,1.4239882776454094,0.0,0.0,0.0,0.1058624019753574,1.061639450315897,0.0,0.0,2.0380633127367043,0.0,0.1679863247505403,2.363214244709218,2.619786327853177,2.001781816335912,1.329741285200421,0.0,0.005435814845308,1.6956174638291008,1.754849041073126,0.001311162482437,0.0,2.0260689136752745,0.0,2.1525377030022765,2.2802047775293843,2.246631628930883,0.0,2.0410549541509275,0.0007517075335115,0.0,0.0,2.218831449643885,0.0061414097238641,0.0075610354507144,0.0,0.0,0.0,0.0,2.5539286494052087,1.9048351735147304,0.0166346172282278,0.0,0.0,0.0,1.9761760067656693,0.0,0.0,0.0215514789148309,0.0,1.8543156100858509,0.0356949384212662,2.048505780704735,0.2083383599224975,0.0,2.393091653954268,0.0353246013960012,0.0,0.0,1.7597880554030323,2.4817395995191824,0.0001008120358706,0.0,1.9167846209939408,2.4791256305964486,0.0,0.0,2.396242729452391,2.0509350930501804,2.070997206260813,0.0153421532384655,1.8133540883860275,0.0387870935380875,0.0,0.0,0.0,2.854695232760645,1.7958222343270474,1.9412620396431368,2.137131406377093,1.9216470082252632,2.28760962538368,1.8509620476195137,2.333780934742677,0.0019022078763484,1.1590627436903869,1.7287658908511192,0.141952914018942,0.0,0.1050875284334967,0.0025199564754009,0.0,0.0,0.0,0.0968590332929917,0.0,0.0084374435508833,0.3548113711393761,0.0,2.303669383529517,1.969765539368668,1.6745840373364282,1.8039752010722403,0.0012157116562185,0.0715601131001424,0.0012759112373425,0.2054584190425862,0.5814771751980617,0.0,1.7945548163141058,0.0097375939020293,0.0176178546809161,0.0125823075045651,0.0,0.0,2.1747723207131973,2.353458094114832,0.0,1.4947939116626237,1.4870123762431835,2.581738088091181,0.0438474457059941,1.5703674319844496,0.308762200998977,0.0174443977156938,1.7970091544318314,0.0,0.0,2.07060327191087,0.0876150423121941,0.0,1.6851318658105083,0.0,2.0622072775329,0.0,0.0,0.0078971430950074,0.0,0.0,2.7104117195096733,1.9399109585698289,0.0,0.0,0.0255614891057829,1.986338874790978,0.1059658658581753,2.2734718559495213,0.0,0.1202854181895656,0.0,0.0799014603726022,2.2621679605696,0.0,1.9311302413917093,2.9816120024849546,0.010795496771508,1.900042953773604,0.0,1.9360623826319687,1.71790435309344,0.0015202268383929,1.9450680176994617,0.0041060235503369,0.1572304489044214,2.423472033508547,2.2997974594259385,2.2747186604138983,0.0,2.3095374316116724,0.3131204302361,0.0202591416994966,1.938119763147528,0.0,2.5544454492913684,2.4595133816034656,0.0031290774615661,2.5343755366282417,2.224462739846652,2.2462847867808016,0.1070451847522792,0.0,0.0,2.0118008435170127,2.0286334269801114,0.0007400542654743,0.0,2.4019747321141125,1.8256761580202256,0.0098679673504381,0.9792718422764892,0.0,0.0002581861559057,0.0,0.99854481550373,0.0,1.8893895884604,0.017885539895427,1.2295598587425964,0.0592903813431475,0.0,2.6568109514226625,0.0,2.0771842662115594,2.266351939609197,1.3748447246649642,0.0,0.0,0.0,0.0,2.2096879865635177,1.5895333972664871,2.035056588771909,0.0,0.1446451047393209,2.6259658995724533,0.0,0.5432771036297815,0.0029824323715901,0.0,0.08729580750802,0.0,2.273925578826272,0.0,1.786162346303252,2.200306427917728,0.016794161281326,1.6386773822417915,0.8416096793849601,0.0,1.6572752979177394,0.0,1.7980922149910694,1.7698468677512709,2.199938937274199,2.014658860732736,1.4372980605326444,0.0,2.2232302541726265,0.0,0.0920617373495015,0.0,1.896449108425674,0.0,0.0,0.0098441134115777,2.004242347274072,2.375660902211686,0.0,0.0
RSPO1,0.0,0.0,0.1029079501617025,2.024373306764535,0.0540275523862711,0.0,0.0,0.0074018785612647,0.0,0.023611070987307,0.0240190400946464,0.0,0.0050282028478997,0.0,0.0,0.0,0.3547832249905348,0.0210159027319155,0.0,0.0250286452738878,0.0,0.0,0.0,0.0,0.0,0.0,0.0,2.24661620391162,0.0238183479472182,0.0,0.0,0.5306560322721334,0.0,0.0,0.0135250534577666,0.1911220857883634,0.0,0.023764144560221,0.0,0.0,0.0,0.0875521300493846,0.0198234053333271,0.0381140409353926,0.0,0.0,0.0020576207778177,0.0,0.0810229930498392,0.0,0.0001066745886271,0.0,0.0025339654483705,0.0,0.0,0.0034338917260828,0.0,0.0015984814805,0.0298709910891391,0.0,0.0,0.0,0.0,0.0,0.0,0.0,0.0,0.0,0.0,0.0,0.0,0.0,0.1754358684802902,0.0,1.7422382593217167,0.0,0.0,0.0,0.0,0.0,0.0,0.0072497617565827,0.0,0.0,0.0,0.0,0.0,0.0,0.0,0.0,2.3369519330637685,0.0311272544729496,0.0,0.0,0.0,0.0,0.0,0.0,0.034377245152631,0.0,0.0,0.0,0.0,0.1421928438073478,0.0,0.1306672584083602,2.2339667088802595,0.0172271443982277,0.0531807762187004,0.0,0.2359343541480997,0.0,0.0,0.0098624301540796,0.0171161132041904,0.0,0.0081047193645853,0.0,0.0089345247571281,0.0,0.0,0.0322054133233754,0.0,0.0,0.0,0.0,0.0,0.0,0.0,0.0,0.0280293091745267,0.0,0.0,0.0,0.0,0.0,1.8186440070912469,0.0,0.02052662505332,0.0,0.018684861078055,2.1675988855448463,0.016034232443627,0.0,0.0,0.0,0.0141534177820542,0.0,0.0,0.0,0.0,0.0,0.0,8.371403907235161e-05,0.0,0.0042056563381227,0.0003628986982119,0.0,0.0,0.0,0.0,0.0,0.0,0.0,0.0,0.0,0.0,0.0,0.0,0.0,0.0,0.0,0.0221903780290761,0.0,0.0,0.0,0.0,0.0,0.0025752181950999,0.0,0.0,0.0,0.0,0.0,0.0,0.0318053031972091,1.9159196932829736,0.0,0.0,0.0,0.0,0.0,0.0,0.0,0.0,0.0,0.0,0.0,0.0,0.023367529338535,0.0,0.0277527851079315,1.6246914486457062,0.0158503213757336,0.0031794110400375,0.0,0.0,0.0,0.0,2.029304274119544,0.0,0.02723442858353,1.4349254255041046,0.0,0.0,0.0743862269619566,0.0,0.0,0.0025667628310362,0.0,0.0,0.0,0.0,0.0,0.0,0.004811772751693,0.0,0.0,0.0,0.0042714795374463,0.0116165340274008,0.0,0.0,0.0,0.5266990806360095,0.0,0.0123603532747287,0.0,0.0,0.0,0.0,0.0,0.0,0.0,0.0,0.0,0.0,0.0145720557095831,0.0,0.0199001707432106,0.0695443665696656,0.0,0.9514458395102574,0.0,0.3156399376558578,0.0,1.2273631215044902,0.0,2.0557186130460003,0.0,0.0129300512359212,0.0060893497253059,0.000252569651706,0.0,1.5038339901673454,0.0,0.0,0.0,0.0,0.0,0.0,1.9156848677348748,0.0,0.0,0.0,0.0,0.0002205532197561,0.0,0.0,0.0,0.0,0.0,0.0,0.0092940698531412,0.1682141157521133,0.0,0.0,0.0,0.0,0.0005209567918657,0.0375281780813671,0.8024581405650086,0.0,0.7941036989755388,0.0,0.0,2.279980300888832,0.0110556120510524,0.0,0.5589370385993485,0.0,0.0,0.0,0.0,0.0,1.7205355175220185,0.0,0.0250032178359968,0.0,0.0054563665554219,0.0,0.0,0.0,0.0,0.079684633201996,2.36008712917389,0.0,0.0,1.9172535818997232,0.0,0.0,0.0,0.0,0.6200378646853945,1.7031796792735732,0.0,0.0,0.0,0.0,0.9263013147069844,0.0162687625436023,0.0153672613368184,0.0043080529325327,0.0196806675602029,0.0,0.0,0.0,0.0,0.0,0.0,0.0,0.0,0.0,0.0,0.0,0.0,0.0045955880242657,0.0,0.0,0.0,0.0,0.3906621302359306,0.0161445739899893,0.0,0.0,0.0,2.2639377444035618,0.0,0.0,0.0,0.0,0.0,0.0,1.5202032838264778,0.0,0.0,0.0,0.0,0.0,0.0,0.0055684302076423,0.0,0.0056095383999406,0.0,0.0,0.0,0.7834087263268597,0.0,1.0921492601001996,0.0944127592616793,0.0,0.0,0.0249618068066344,0.0159374645848761,0.0,2.4242206193919134,0.9223947738935327,2.218125697317477,0.0,0.0,0.0,0.0,0.0,0.0,0.1076571955109746,0.0,0.0,0.0,0.0,0.9696533477363568,0.0055011879853183,0.0342202281966434,0.0,1.9548464661481064,0.0,0.0096510516243105,0.0,0.072120736796833,0.0,0.0591258669202273,0.0,0.0,0.0,0.0013256633203417,0.0,0.0535223954405629,0.0,0.0035298918582189,0.0,0.0,5.7194822112512095e-05,0.0,0.0,0.0,0.0,0.0,0.0002477300759222,0.0,0.074007013968356,0.0,0.0,2.524659233878527,0.0,0.0,0.0043859568947049,0.0,1.038959859536464,0.0,0.0,0.0,0.0,0.0,0.0,0.0,0.0,0.0,0.0,0.0533534474643424,0.0,0.0,1.2115914005390331,0.0,0.0500367179722942,0.0263516622036459,0.0,0.0,0.0,0.0,0.0,0.0,0.0,0.0,0.0,2.11728089768942,0.0,0.0,0.0,0.0,0.0,0.0,0.0,0.0,0.0,2.248232783703658,0.0,0.0,0.0,0.0,0.0,0.0,0.0,0.0,0.0919134008642078,0.0,0.0097945521809195,0.0,0.0,0.0,0.0142323593166351,0.0,0.0,0.0041822859513066,0.0,0.0,0.0,0.0,0.0,0.0,0.0058409461470137,0.0079539746971677,0.0,0.0,0.0,0.0216675111982219,0.0,0.0,0.0,0.0,0.0,0.0031150973611209,0.0278083889397677,0.0,0.0,0.0,0.0,0.0027771887818962,0.0,2.2971906432852136,0.0875678475002198,0.0124955751551795,0.0,0.0,0.0,0.0,0.0062153019277768,0.0,0.0,0.0,1.721106976466095,0.0,0.0,0.0,2.4959034316418465,0.0275220004778873,0.0,1.5361568840149171,0.0,1.9809221993181656,0.0,0.0,0.0002511136897645,0.0,0.0,0.0,0.0,0.0013704652002272,0.0,0.0,0.0,0.0,0.0,0.0,0.0,0.0,0.0,0.0215941769634354,0.0,0.0038090527849512,0.0,0.0,0.0,0.0,0.0045083500472798,0.0,0.0027436338126092,0.0,0.0,0.0,0.0,0.0,0.9694440016922072,0.0,0.0,0.0,1.3642252792522065,0.0,0.0,0.0,0.0,0.0,0.0,1.595704394557484,1.6881556626308685,0.0,0.0,0.0,0.0,0.0,0.1054414627658821,0.0,0.0,0.0,1.7362968543649042,0.0,0.0549022730128292,0.0,0.0,1.2860956772897605,0.0,0.0,0.0,0.0,0.0,0.0022147421729654,0.0,0.0,0.0037997702939638,0.0,0.0,0.0,0.0,0.0362030203273575,0.0073668904930066,0.0,0.0,0.0365784072375219,0.0,0.0,1.170447348868397,0.0,0.0,0.5159060157386668,0.0487479598753317,0.0,0.0,0.0,0.0,0.0,0.0003558122101119,0.0,1.740829514605431,0.0,1.9575205477569408,2.571041400604457,0.0,0.0,0.0,0.0162160777816364,0.2973548606900189,0.0,0.0,0.0763799551335059,0.0,0.0,0.0,0.0012783895950192,0.0,0.0474155822105384,0.1069755560530635,0.0,0.049599825946395,0.0,0.0,0.0,0.0,0.0,0.0,0.0,0.0158539602319277,0.003909585334925,0.0,0.0,0.0,0.0904921648004134,0.0,0.0,0.0,0.0,0.003762837757553,0.0,1.8770537149512447,0.0059186151151722,0.0,0.0,1.5208423546500862,0.0,0.0,0.0,0.0,0.0,0.0322480180833878,0.0158338251066809,0.0,0.0,0.0,0.0,0.0,0.0,0.0,0.0,0.0,0.0,1.0095637436438254,0.0,0.0,0.0,0.0,0.0,0.0002287228688025,0.0042437395837952,0.0,0.0,0.0,0.0,0.0,0.0,0.0108306274793543,0.0,0.0831771410821285,0.0,0.0,0.0,0.0,0.7742743902855415,0.0053222305410965,0.0,0.0,0.0,1.930100775438622,0.0,0.0,0.0,0.0,0.0550603624775185,2.4820366000318845,0.0,2.1072317197736314,1.1637377179525172,0.7316452217620749,0.0,0.0,0.0951481453406019,1.5157577856349782,0.0,1.4499156477201751,0.0,0.0,0.1013452712151571,2.0593202688834,0.0,0.0,0.0,0.0,2.323951808139621,0.0,0.0,0.2362379916895821,0.0,0.0,0.0,0.0,0.0,0.0,0.7225278233785272,0.0,0.0013427529086437,0.1501920968271212,0.0,0.0,0.0,0.0,0.0,1.8334921508962896,0.0,2.2364730161679933,0.0,0.2992086010618554,0.0,0.0,0.0,0.0,0.0,0.0,0.005380204770596,0.0,1.6752067796114642,0.0,0.0,0.0,0.0,0.0,0.1288668716124385,0.0,1.5886980881298127,0.0,0.0,2.80381765005345,0.0,0.0,0.0,1.997173175485334,0.0,0.0,0.0,0.03332242261841,0.0,0.0022132353864969,0.0015254878343727,0.0,0.0,0.0,0.0,2.0903979557447623,0.0,0.0,0.0007222674778213,0.0,0.0,0.0,0.0,0.0002952413709541,0.0,0.0,0.0,0.0022015305017301,0.0,0.0,2.5932812421561207,0.0,0.0,0.1159991143503131,0.4630775667746873,0.4111275590561777,0.0,0.0,0.0109363250974914,0.0,0.0067891598566288,0.0,0.0,0.0,0.0,0.0,0.0,2.0908681449203868,0.0,0.0,0.0,0.0,0.0385436662099443,0.0,0.0,0.0,0.025855780084514,0.0298591080463705,0.0018378741820504,0.0,0.0,0.2556076133178941,0.0,1.5501174092433971,1.6526626190821383,0.0,0.0,0.0005177447574831,0.0047362598295295,0.0,1.953591297679656,0.026716516343378,0.0115952728061832,0.0,0.0,0.0,0.0,0.0,0.0,0.0,0.0013460327740806,0.0,0.0,0.0,0.0,0.0310718290758728,0.001857959986348,0.0036136464830903,2.400843135097525,1.851914091321488,0.0,0.0,0.0,0.0,0.0678903461510105,0.0042423984630187,0.0170913300281399,0.0,0.0,1.2384859492082487,0.0,0.0,0.0,0.0,0.0,0.0,0.0,0.0,0.0,0.0,0.0020263618234452,0.0,0.0393685359497719,0.0,0.0,0.0,0.0,0.0,0.0,0.1552949286853704,0.0,0.0,0.0,0.3430585972617187,0.0,0.0,0.0,0.0,0.0084634015870812,0.0,1.8198430235407177,0.0,1.5657722013397115,0.0,0.0,0.0,0.0,0.0,0.0,0.0,0.1436235405608655,0.0,0.0,0.0,0.0,0.0,0.0,0.0,0.0,0.0153959445072503,0.0,0.0,0.0,0.0,0.0,0.0,0.0,0.0,0.0,0.0227376448012066,0.0,0.3949426085615858,0.0,0.0,0.2009735445808491,0.0,0.0,0.0130610998356529,0.0,0.0,0.0,0.0,0.0,0.0,0.0,0.0,0.0,0.0,0.0,0.0,0.0,0.0830992076943985,0.2907827653343789,0.0,0.019247868853465,0.0,0.0001743642053039,0.0372103461574586,0.0019137010710719,0.0,0.0,0.0041970722153525,0.0311657661366255,0.0,0.0,0.0,0.0048443999193164,0.1858118320281629,0.0,2.253144090739993,0.0,0.0,0.0,0.0,0.0,0.0,2.084408549166672,0.1620657676923151,0.0,0.0065712840210353,0.0214507165328081,0.0,0.0,0.0,0.0,0.0049290740545042,0.0,0.0,0.0,0.0,0.0103509623367578,0.0,0.0,1.0540032902654684,0.0,0.0,0.9784013818447272,0.0145035008728599,2.260266178838404,0.0427208100202542,0.0,0.0,2.1602268514533973,0.0,0.0,0.0,0.0,0.0,0.0,1.9198235868461868,0.0,0.0,0.0,0.0020536270255475,0.0,0.0,1.5137873383990066,0.0036382998000501,0.0,0.4870042037784296,0.0,0.0167284366606354,0.8369495744774157,0.0,0.0,0.0,0.0,1.2552979775720303,0.0,0.0097800513647312,0.0,0.0,0.0,0.0,0.0,0.0,0.0,1.4061486724662606,0.0014380394637073,0.0034367549330464,0.0286237655517543,0.0,0.0,0.0,0.0091081783336405,1.4315937045309743
SOX9,1.6050243263193171,1.8989805852040496,0.0,0.0,2.0965908331868803,1.2664896082098425,2.463535149026572,2.6645573242972795,0.2120798903507202,2.256065645682264,0.0250808260200059,0.0,0.0,0.0,0.0388434378718527,2.3270416719424247,0.0,2.32000873724067,1.9621631818507523,1.6606014619024243,2.3237351335538743,1.7375637424101809,0.9115108870978949,0.0,0.0,2.317647829363964,1.760572914188552,0.0735343850729107,2.0173238422072783,0.0379383185286106,2.631939056204979,0.0655281791796063,0.0025991346793277,2.679795135248924,0.0,2.195780835265845,0.0,2.460322210645133,2.1409855481786195,0.0,2.021296310078022,1.7702981511262712,2.207387214533502,1.5838390514371707,1.7408934838526948,1.9642328598577368,1.6657884225518669,0.005765118552777,0.0,0.0,1.62326501951346,2.0480013814774143,1.967331360370384,0.0,0.0,2.3292633223734605,0.0,2.3642308609910394,2.7472367841114624,1.6529871278128734,1.6546333122707708,1.944258905315002,2.2727962720057544,1.0451602240843385,0.038133938447739,0.0,2.4883073593487417,0.0,0.0,0.0,0.0,0.0444653379658801,1.3150325735926058,1.364692786517364,0.0,2.7198901558405555,2.433865856396226,1.9031100676876425,2.100440299982647,0.0,0.0,0.0,0.0,0.0,2.0253121253107365,0.0,0.0,2.2690443204623096,0.0,1.877936967658044,0.0065806005778995,1.0147648106088356,1.9330291916551745,0.0200880704576426,2.101027008025408,2.2234301136901102,0.0,0.0866662762662215,2.0456099804116907,1.9619682964485008,0.0,0.5445615417304871,0.0,2.346140158921752,1.8742637365429848,0.0,0.0680495722621059,1.8960802269899573,0.0157624968516612,0.0,0.0,2.5989788142764847,0.0,2.0826675645633075,1.969515572536716,1.8786637595092408,0.0,0.8154176716240289,2.229817735760332,2.130137509728575,2.1649905555216145,2.456287583760409,2.2107783787451085,2.036234858062924,0.0,1.9869857490058032,2.0236989950969884,0.0,0.0837215549493153,0.0,1.5311687612853109,0.0211424916832255,0.0063831956266612,0.0,0.0,0.0,0.0002796955157118,2.2304786408120574,2.34217683769454,2.658706724346087,1.7478472271708354,0.0,2.4674762190342068,0.0077951545675047,2.0338002240928,2.127036057295696,2.3061023740054565,0.0,2.5239724164188524,2.1709734803273,2.340808563811218,2.9460399386809257,2.0034953138415665,2.9826963573191203,0.0,0.0,1.934620254029649,2.161427866658388,0.0,2.310872895015016,0.0,1.3303735878275516,1.495407612561508,2.6085170701086287,1.7309807149494267,0.0,1.9913928498395064,0.0,1.6232610315735772,1.6898131695239575,0.0,0.0,2.282387983633211,2.7277482116733696,2.0030000308107363,0.0,2.160377353068489,2.192333579742977,2.4543669171681355,2.198876865889868,1.5201540872085737,2.05834414150938,2.09181039387104,0.0,2.2359548076839584,2.145317792839317,0.0,0.0,2.12753102003576,2.0678797408356315,2.225299141832829,0.0115759486961267,2.2356759462815683,2.417304575786944,0.0,0.0,1.817286395877256,2.014541945505905,0.0,0.096667915811693,1.324370669983293,0.0,0.0,1.852248495655113,2.2347791671537416,0.0,0.0317278991658585,2.001340001348633,2.6480392344943016,0.0,0.0,2.1363514019448018,0.0,2.7809854776126994,1.9604024826083413,1.0157796795205425,2.0855632970620555,0.0,2.269196403286529,2.025263000361261,0.0,1.5427513605029848,1.984828292978347,0.016162738939048,0.0,2.433884336834504,1.7353627583950368,0.0,1.7139910228907869,2.1746708707123683,2.5238572687347807,1.814412842914631,2.2969570074791577,1.6552860776765868,0.066560321128828,1.592234630768948,1.9169443068425085,1.8837304873175404,2.2407415676259195,2.373449665024438,1.0499043421150909,0.0,0.0,1.9425499169665543,0.0,2.348421474363061,1.947275690701116,0.0,1.7520261988267614,1.872958126044204,0.0,0.0,0.0007911362611823,1.8086027810397067,1.0815074243625515,0.4291582172118032,0.0200881793122348,0.0,0.0,1.889874716314853,0.02011036402811,2.3649160141727985,2.6267194783428818,0.7893977034785871,0.0,0.0,0.0,0.0,0.0,1.639893073458504,0.0,0.0426071224056168,0.0025137344035123,0.0,2.6353450812183388,1.9746399037083613,1.6811885596065632,0.0,0.0,0.0,2.1160579449713817,2.4428343953057863,0.0102029448634844,0.0221471387189206,2.8222636540103703,1.987638256512958,2.0870977102491075,2.166332742075292,2.3234979513899963,0.0,0.0,0.563225069788255,0.0,0.6581267802277824,2.2492346174672195,2.1161968533391886,0.03870858762493,2.245618958099067,0.0,1.056346587124535,1.5155524440997108,0.0,2.526979537253454,1.8022448822390345,1.8061802307762205,0.0135296196148778,1.4372908516011171,0.0262778868509547,2.2162418898298784,2.190800202035009,0.0,2.1585358982129432,0.0178720875490987,2.0807516223820244,2.5282210279023736,0.0,1.6593190721771234,0.0,0.0080834618707752,0.0076890862898756,1.9184088441105027,0.0,0.0,0.0,0.1706986755700342,1.6557880523677106,1.849934700658135,1.7805150614247711,2.057004304227979,0.0,1.7565767539077406,1.7239277542717897,2.527695601187568,2.1924176791344787,0.0330244795160705,0.0,0.0,0.0,2.596634393044647,1.7452708789984708,2.5411607973017194,2.5196128067501014,0.0,0.0,2.065545181462908,2.089381585589756,1.9033156039627224,2.707867091908009,2.6215318440718187,2.005606716062289,2.10523518222874,0.0,1.962747381416977,0.0,1.997225883839504,0.0105592060798541,0.0265408910952167,1.9924036768550064,2.7321886517898912,1.8759097991231068,0.0,0.0,0.0,0.0,0.0415804370851773,1.5762360366682917,1.3121350292048912,2.0957352885344984,0.0,2.541422138400078,2.3234926272199474,2.087891131205078,2.247733030390859,2.1294559512688083,2.367825601869376,2.510934803234968,0.4327529869020906,2.338419792455437,0.1647680594569832,1.180781154446013,2.708248366862936,2.194624214060324,2.511661061236566,1.5193482245869685,0.0,0.0,0.0,0.0490943448191198,2.0470477384210546,1.84848843416416,0.0103260246748095,0.0,2.029584825733691,2.430891342119309,0.0,2.3582731303510207,1.7780109234987147,0.0,1.8916170420694003,1.023147722684955,0.0,0.0,0.0,0.0,1.6736622107936974,0.0,2.3479394522544434,0.0,1.5879636467389704,0.0,3.0088823867031174,1.3595426523517289,0.0,1.8129923578331009,0.0,0.0,1.5346674772302773,1.8574341616357013,0.0,0.0,3.037333065310766,2.5806651592239587,2.0540087506695093,0.0,2.651545358621572,2.1631584819899268,2.05398781496046,1.5613006948296442,0.3513802213143385,0.0,1.5635952584160775,0.0,0.0208197199478813,2.283121158470573,2.5435687050677034,0.0118865501602258,0.046775659557374,0.0,2.8200326417867565,1.9257799223454188,0.0,0.0,2.344806229280464,1.84472146240183,1.6298591304456933,1.7794614974810676,0.0095063606587049,0.0,1.6530821650098877,2.3083925160779017,0.6368182257450541,2.3479985883325045,0.0455602275874348,0.0,2.33270458183206,2.138875314014899,1.87297284141386,0.0,1.9588903727186149,2.3159253767568058,0.4406895988218712,0.0,0.0,0.0,2.226027312778712,0.0044680413713763,2.3035055847803845,1.6504043337980507,2.459329972337964,0.0,1.4257069189571705,0.0,2.25329592817148,0.0,2.4239704377217035,0.0,1.9125164708633984,2.0147040972566503,0.0012854084220512,2.32959405016688,2.2969286314522384,1.748525608961191,1.7229605638791723,1.9023779332644308,1.7487959391831474,2.137694887069786,0.0,0.1116440846220534,2.0129687632854862,0.0,0.0051475481675582,0.0,1.992510520014612,2.5463661075102,2.472383414411535,0.0,0.0,0.0,2.761395804179974,0.0,0.0,1.8527957458204125,2.301493695014053,1.6957311880984065,0.0,0.0208252975196705,1.8100341862414968,2.0550759395457274,2.047340323646824,2.0720906812961086,2.5232615028287912,0.0,2.148696265847448,2.1511451185797434,1.6716348985488754,2.46269371734454,0.0,0.0,2.2678132441965992,2.155521059124283,2.107742570757868,1.7769571139459244,2.6012295690202647,0.0,0.0,0.0,2.3424030616206486,0.0154737373226019,0.0,2.159544655455365,0.0,2.1614745478142448,0.0,0.0,1.6608284626820906,0.0,1.9481938615596568,0.0,0.0894648994054119,0.0,0.0,2.0742845613279104,0.0,2.1400236526182628,1.720353703916191,2.54285390845808,0.0,0.0626643220615849,2.5606553260834697,1.3211479741788836,0.0,2.038261171523005,1.6112683820125282,2.3569367723201697,1.7188070038045926,1.8359354031264925,0.0,1.5596829652285502,0.0004491229466443,1.9612218035765137,0.0,0.0733630844007519,0.0,1.7412730187155936,2.4286035182763963,1.9898081607663,1.5513194740399177,2.2383592275153448,1.8963267333562523,1.5221641620976505,0.0,2.447280637165639,1.104805771816524,0.0,0.0,0.0,0.0,2.2223822822193613,2.2265979385607286,0.0,0.0,0.0,0.0,0.0,0.0,0.0,2.0171697526416925,1.605840654208046,0.0,2.031269023012816,0.0,1.8695027843635543,0.0,1.7847921004281186,0.0190944107942992,1.7393536064740795,0.0,0.0,0.0,1.9104525293701888,0.0,3.0596232083834374,1.6403019043706777,2.0675153037984564,0.0,2.10654073803614,2.482599680050748,2.3383367211268102,2.0486608856588946,0.0,1.9339761576726784,0.0,2.1984120364057667,1.3250478935551675,0.0,1.6415131951069744,2.0449410515742428,1.739471772194341,1.1257197199352558,1.7078961918065594,0.0179089837826713,0.0,1.990857712383172,2.001237840079324,0.0,1.947119809687648,0.0,0.0,1.9901377120171648,1.9000247230466767,0.0,1.7290962938696797,0.0104022445578615,0.0613633094027137,0.0,2.1458735689435064,0.0045657881350542,1.8620540453618528,0.3002520320819008,1.9970473564100948,1.5561939998138257,2.4268602527519247,1.7976603193941276,0.0,2.4326348725589204,1.7652634885690142,2.1788716535155297,0.0,2.3786017466278104,0.0859409640328293,2.1012174485878075,1.7533177960191153,0.0,1.9250381312424985,0.0,1.6854424638880916,1.7723624516370553,1.7819204855465185,2.6130598552841624,2.0772857542699468,0.0,1.5100666425305789,2.0635010192933976,0.0,2.6024992478185096,2.5384200590010946,2.2281818734165206,2.7045943037146194,0.0,2.2987545076440608,0.0,0.0,1.5800857501692878,2.0828883998443617,0.0,0.0896242082466759,1.4151045386185104,0.0,2.1705694855176625,2.4849067633552133,0.0,2.5258148049933213,2.0320615248280096,1.3848361031299914,0.0,1.998147198774214,2.4093764264819733,2.418468790006865,2.187431481228257,1.9661936647498577,1.587306434147478,0.0,0.9157418755233548,2.306014658905708,0.0,1.4621207132705127,1.9059502207537664,1.984201489708623,1.7173055105612376,1.6555054277248316,0.0,1.7736815149903995,2.016759954870908,2.1192410413289235,1.9988244818324008,2.005076583023296,1.7185948119934549,0.1301817332218592,0.0,0.0,1.5064683774963117,1.9751264267917923,2.778519520580632,0.0,1.7982944809407715,0.0026085792769151,2.3029382357585253,0.0,0.0,0.0,0.0,1.7664104648198538,2.160319994562592,1.5936000879115149,0.0,2.118192965584866,0.0,0.0,0.0,0.0118437485363846,0.0,2.005722396676933,0.0,1.7119733390339635,0.0,0.103089588056243,1.6060527231125734,0.8483909602890874,0.1030593253404113,2.239116218977463,0.0516129764890844,2.06628163838872,2.1637738031082105,0.0,1.53998793517054,2.257629566520321,1.8290147126301168,0.0,0.0132674069631875,1.1402376774791172,2.115757670249037,1.864422127075678,2.36761249068967,0.0,1.5500867602295627,0.0,0.0,0.0,1.428396766654183,0.0,2.135953016156534,0.0,0.4092339872260278,0.0,0.0,2.6282696467976403,0.8524416317701601,1.9247015763159048,0.0,2.3005478644580104,2.3245542613291947,1.7135289291232971,2.4253617807666408,1.5590522475931683,0.0,0.0,0.5740124303655745,0.0568972468560246,0.0123671231590044,1.6326114608653364,0.0,2.240574168801711,2.2647554986933525,0.0,2.556189507778777,0.4486327773720849,0.0248997288037918,3.010113229624276,2.3515902283705508,2.8299693888198565,0.0,0.0114156952012851,0.0,2.4063406011610136,0.0048932022126912,2.3060092188149093,2.0369239968206254,1.645980791086472,1.148360413895815,2.6925759625438843,0.0,1.9685518502831088,0.0,1.6514769486252825,1.9900335464755547,2.8804335338449683,2.0435507801777937,2.2137458230618705,0.0,2.041334276503224,1.978316718241688,2.1699247720753534,2.1734806465598164,0.0,2.367254002528532,2.344598689342541,0.0398008861282627,0.0,0.0035534846732234,0.0,1.8812951595921208,0.1062632184303007,0.0,2.2715783081800867,1.0169450900847656,1.6839811247517036,1.8623892117764544,2.012224910858416,2.2446220811590227,1.3192963238959503,0.0,0.0,2.0972364899993847,1.8550605554695143,0.0,0.0,1.6910289527977362,0.0,2.146672638190617,2.011482783488024,2.5689333572714266,0.0,2.1756169383557054,1.0438368609011428,0.0,0.0,2.202845023045532,0.0,0.4218987709670893,1.5824334165639378,0.0,0.0,0.0,1.9419956558388551,2.0577043752095667,0.0,0.0,0.0,0.0,1.9298661299156123,1.5003205234543953,0.0,0.0,0.2508344441699677,1.9188303839448435,0.0,2.4169751858343016,2.0683953716643173,0.0,2.2559858144805385,0.0,0.0286233513446747,2.0887788283885285,1.6958647984051372,1.990767853437844,0.0,0.0,2.2959018675546488,1.7819561906005077,0.0,0.0,2.3927497865503846,1.7822204524028185,2.1901564814664067,1.5058449504024058,2.4622455129370096,0.0,0.0,0.0303662965075046,0.0,2.420508414617069,2.348996968920672,2.3144116862948563,2.1723027016427707,1.9906994251854564,2.255917255044538,1.7630047016107435,2.5584003300253846,0.0,2.260268828230408,1.9720050713732689,1.2270632443421012,0.0,0.0,0.0,0.0063584297441413,0.0608292867878968,0.0,0.0,0.156564949951026,0.0,2.19294243669687,0.0,2.1845563874555167,2.6565344659097545,1.7996131126405213,2.200844009351049,0.0,0.0164124754488869,0.0,2.0804219171475897,1.6841375278827049,1.8783409298211164,2.1663984487655266,0.0035100050929587,0.0,0.0,0.8073639527525445,0.0,2.0833673431379545,1.7041189836560964,0.0,2.0346022725190784,1.3160516439758911,1.5391957477459397,0.0,2.464359883446612,2.077665154982592,1.412136734853026,1.6703249661022448,0.9570157457576568,1.517496030740102,2.15229922380342,0.5540668893548186,0.0,2.061760155819332,1.652094470743826,2.012608463962043,0.0044091737408809,0.0,0.0,1.241413824999308,1.819288084205451,1.796866911632449,1.7460318078386683,0.0437315594201185,2.034706472943926,0.0925091585464359,1.941250841427114,0.0,2.0248616331123417,0.0,0.0,0.0,0.0,1.7355712866956086,0.0046316773647032,2.126807228378892,1.842714420531952,0.1955861313065248,1.7783668378200157,0.0,2.216154976835951,2.7950928587966843,0.0,2.60220416299316,0.0,1.4521198298887157,1.8721702140928849,2.5611537648887404,2.151800595787832,2.00174902933714,1.8755386879950835,2.0120549088107498,1.4291643840692965,2.2341880845959707,0.0,1.898962685597864,1.9476408800060103,0.0,1.8147391986454016,1.9860905930155528,1.7034655407485846,0.0,0.0,0.0,1.9031664720942696,2.5268628940965048,0.0,0.0128638676823861,1.8282884593510065,2.074226134797662,0.0,2.9751853962375208,0.0,0.0,0.0323517363346892,1.8684145429072965,0.0,1.5482413124817185,0.7800757895321377,2.566030524573642,0.0356132552279047,0.0,1.9873183300852144,0.0,2.1624245663578616,2.0181466747150134,1.9381461285615185,0.0,1.5568445758812808,0.0174552879936671,0.0,1.69640069852563,1.9409932500753364,1.938967583259496,0.0,1.8748612203039992,2.484319316064504,0.2393730842603925,2.219242947026616,1.869054837422488,0.2501163938345533,0.0102328070681172,1.5995144039066034,1.7615121666424671,0.0,2.0435804945890577,1.9288073354196689,0.0,2.5915552559189345,1.9345114126423484,0.9721835547441778,1.6502048689721276,0.0,1.984455965745192,2.3058907752799973,2.384021788156056,2.0502864628565094,1.984547762500344,1.6787703351683885,2.293762303580064,0.0,0.0,0.7478233482544185,1.4966884619062888,0.0007225365866594,0.0055788402740709,0.0,2.3975898623730485,2.1386581817096486,1.3784756015119486,0.0
SRY,2.856604690019488,2.090213593027272,1.3268189547423126,1.6440114805804402,2.5146640679567014,2.195565715808363,0.0,2.0771241064042725,1.8656248973426524,0.0,0.0,0.0,1.4842764952524812,0.0,0.0,0.0,0.0,1.9702694049754284,2.331629179063856,0.0,2.2474354772593927,2.4748447133952003,1.88747880573342,0.0,0.0,2.20182432886754,0.0,0.0,2.2882594879301648,2.196599550904854,2.0101702814665168,2.2463510549340207,0.0,2.4082739544860727,0.0131947295033944,0.0,0.0,0.0,2.9353930742921954,1.9352804502989085,2.0830971028946546,2.405375600255715,2.1448584358474205,2.3080869388826284,0.0,0.0,1.9597735414785884,0.0,0.0,2.1765707472448628,0.0,2.0361142750811507,2.249108118430227,0.0,0.0,2.685162121060382,2.0932425076287022,1.8482722356538943,1.5133197379158267,2.1689296274465057,2.0018278049478773,2.479772193095736,0.0,0.0,2.3258580051088,0.0,2.5318263860647554,0.0,2.3320534020035444,0.0,0.0,0.0,2.016302920481196,2.2122014076602765,0.0,2.0573235524297897,2.131748284755238,0.0,0.0,2.0950708060455177,0.0,0.0,0.0,0.0,2.203375439856504,0.0485319231419637,0.0,2.323079023174288,2.0408435714871707,2.10375566918163,0.0,0.0,0.0,0.0,2.453162737769152,1.9792758945268432,0.0,0.0,0.0,0.0,0.0,2.1106054153601974,2.277986689188785,0.0,1.9676752236437167,0.0,0.0,2.3729827053192643,0.0,0.0,1.3140780645207089,0.0,0.0,2.1570109388000964,2.9151080990286884,0.0,0.0,2.278141958855102,2.207020690379851,2.1015811864629383,2.201431329424462,0.0,2.3463411722003142,2.4691495510750823,2.384739513549902,2.0845133846284405,2.2184479602598914,2.411038102203728,0.0,2.154747931800672,2.3057629310981818,0.0,0.0,2.2815766843556475,0.0,1.8132863163273127,2.0146790834176147,2.7212974596374813,2.53184966876778,2.1546003820128288,0.0,1.6341652721786868,0.0,0.0,2.4333072515447127,2.312322702331965,2.043877139512335,2.348855046371264,2.3934456470111067,0.0,2.6002168831557424,2.3662655438342366,2.0875793239609943,2.7537413412231646,1.5264814113661525,0.0,0.0,2.0596153067218115,1.7800296515849106,2.3854404525269453,0.0,0.0,2.0926057878324604,2.323402252906668,1.9853617844169884,1.5782093335178042,2.1939258620448867,2.3252232113005205,2.3294622291647227,2.3728842158694534,1.9628268869678225,1.7058305731695362,0.0,0.0,2.3226328119870407,0.003878137229333,2.03354499601807,2.29014849974608,2.5777465665053634,0.0,1.9810160531076868,2.0050753947342086,2.6514577678719777,1.9560668026202792,2.422783551938081,2.4367370529575942,0.0,2.0133720209746,2.8592104962249745,2.960267631676356,2.4667955454799904,0.0,1.7820616456410432,2.311862504953885,1.9650713866170253,2.511083129515147,1.8848005160408945,0.0,0.0,0.0,2.052739418989348,0.0,0.0,2.3613322696190764,2.089622138354326,1.904704737114741,2.625887875734639,2.2623159869527005,1.6237608333458706,2.4573881910615483,0.0,2.210176735105,2.074868832599676,0.0,2.3018636386319256,2.621923250872685,1.5851099949290033,0.0,0.0,0.0,0.0,2.245938880059564,0.0,0.0,0.0,2.2772781666351496,2.118064424609672,0.0,2.239005434546554,2.73031761764131,2.8244767411477487,0.0,0.0,2.0311956930278874,0.0,2.438128566622657,2.6001434095947222,2.264964452155487,2.2937859165525856,0.0,2.259807419014296,0.8566732756083225,1.2749889587712404,2.1365057047658502,0.0,3.176835309387597,2.1816972874253886,0.7454818099767893,0.0,1.6812586049296994,2.2377287926467817,2.0002987952012474,2.0883962064455868,2.0991215234674248,0.0,2.1251795286337365,2.264368157337173,0.0,2.4593136661041823,2.6290232243598264,0.0,0.0,0.0,2.483323917529872,2.6742499295820035,2.175903149932786,2.0388230970862766,0.0,1.843916830634042,2.385375795055068,0.0,0.0,0.0,0.0,1.9914201711593424,2.2488977337600566,2.572944881301027,2.174600093449229,0.0,0.0,0.0,2.2306646100988816,0.0009439598196259,0.0,2.7965055822876232,2.2176992890828187,2.483006035238008,0.0,0.0,0.0468049261403804,2.1214107606755355,2.1717680774516364,1.943415671602352,2.0909560298652847,2.0745887475217617,1.972235436424884,0.0,0.0,0.0,2.162479644035416,2.0825923230826584,0.0264744725658802,2.0448779234792536,2.494742659872672,2.50020823181239,1.7335419957063796,2.342368310616036,0.0,0.0,0.0,2.10360756265628,2.0974399221117963,0.0,2.006599137822028,0.0,2.245851665654725,2.615200281431495,1.8810216517305205,2.1199325891231675,0.0,2.071476893172656,2.0919456005807704,0.0,2.6867200387263668,1.7633183862771455,2.4195724942666548,2.369379750124576,2.3025009370958083,2.01889941850788,1.6060856919013544,2.182140179218289,1.7320278775738858,2.2875372019922926,2.25597767658292,0.0,2.2704331302257788,1.6202377814755993,2.1296926233877485,0.0,0.0,1.832127278371508,2.231203697139513,1.5968242937832784,0.0928836524512795,0.0,2.2947831680826267,1.854633155230146,2.5637997940559503,0.0,0.0,2.1506469215307207,1.8313687436940909,2.149847865714935,0.0164103711390976,2.0308513273730657,0.0,2.3557475925253497,0.0,2.005226461819984,2.008828958617848,2.345151481020868,1.6654569516701,0.0,2.057473394048104,0.0,2.0222376290824533,2.395285328522569,1.6188167510672409,0.8394704128366465,2.5642894245935035,2.059081052874672,2.0807077370108416,0.0,1.7605865828693656,2.334992464222112,2.176312106715663,2.2026574707719018,0.0,1.6931612772729865,2.8006588453642536,2.7482601767400974,2.23385277886014,2.0699522010219,2.496337336715985,0.0,1.340089839911846,0.0,2.777071576798761,2.5746523986954104,2.3364301184494,0.0,0.0,0.0,2.3490648306788864,0.0,0.0,2.175473578028039,1.9878439011410585,2.7511023582083083,2.255249469138469,0.0,2.179615047921628,2.265154002963881,1.8304200408074869,2.140806082184973,1.9192512116118097,2.617921683029851,2.090871956999578,0.0,2.134285062409864,2.192939240884947,1.9933095701108927,2.641489578075052,2.4559157558177223,0.04009114529844,0.0,2.242120429908038,1.99342394023826,0.0,2.327818734922668,0.0,1.9702439297430057,2.2441669468944663,0.097401769360096,1.963284676969676,2.866813448716353,2.1469508368412207,2.6599069797874613,1.7339480885245708,0.0,1.8972944435525387,0.0,0.0,2.0088913636626424,2.1066106641738807,0.0,2.1202582228243685,1.98676836958336,2.1656338709936622,2.7336088018937,2.0129404163481905,0.0,2.3242985810749737,2.123309841095335,2.3472527654788764,2.1400619970896217,2.4479818383686363,0.0,2.337228621850985,1.947626152459748,2.141318112956334,2.62460351221072,0.0,0.0,2.2204992652878834,2.0417072675714123,0.0,0.0,2.127239794233873,2.3772730491943577,2.313763974048741,1.51475849248419,2.00079290025822,1.7599236930302748,0.0,0.0,2.4575080685036883,2.3619587636917294,0.0,0.8657045833986048,2.118680272253853,0.0666994924752913,2.389598360404373,2.6759717988794867,2.448231426005256,2.078680976792316,0.0,2.008131348363766,0.0,2.0342608310414274,2.028392742441036,2.0338557276181386,1.7349570587000662,2.109861700457901,2.624117312441268,1.9559600756495568,0.0,2.1937746888658496,2.1585504074873856,0.0,0.0,0.0349100066251637,2.0115273587811417,2.540096222465731,2.6113776118081007,0.0,1.0443225563938356,1.7623679196221198,2.7011673284265387,0.0461478177729734,0.0,2.2593526099677192,0.0,2.148339851025533,2.110935797338044,0.0,2.354514361766766,2.212046410058633,2.4338420317630285,2.2280283912163434,1.948034703563008,2.134377080997011,2.3337901588692263,2.6671312197532813,2.048584687778748,2.722093398808208,0.0,0.0,0.0,2.0096079363715256,2.4626328760101632,2.373407057892812,1.956850372851422,2.351119731995752,0.0,0.0,0.0,0.0,1.7365664837421124,0.0,0.0,2.584687645854636,1.976021508167099,0.0291860468035269,2.0589290746970166,2.082178742958676,2.0397019837601147,2.3648166679748663,0.0,0.0,0.0,3.2195793887779245,0.0,0.0,2.1011956206005933,1.6118322282782749,0.0,1.9525729785742152,2.0371034679954114,0.0,0.0,2.231639114173961,2.446948820597868,2.0805870734859875,2.7979263302075448,2.4579063614177583,2.1801158163616083,2.044036738677661,0.0,0.0,0.0,0.0,0.0,0.0,2.326175978714006,2.327515684336098,2.015035778744847,2.5381308778072205,2.2236829637217816,2.0953222606977056,0.0,0.0,2.1159063050264053,0.0,2.9905958321578106,0.0,0.0426747316900433,0.0,1.4353452379956582,0.0,2.5542284878311245,2.555276788913847,0.0,2.236852915494307,0.0,0.0,0.0,1.5477934185137667,3.1454431299153485,2.1548899121319,0.0,0.0,1.1980675356278667,0.0,0.0568142402134307,0.0,0.0,2.4966283913547205,2.118191935644401,2.106385409193522,2.497954222063841,2.258154833596625,2.7677858220328324,2.244439856961897,2.0176204219065306,2.2104301768783183,1.8618428822629447,2.5400535502300934,2.4159120486140218,0.0319048271303791,2.6604641712982766,0.0,0.0,2.2307558228628603,0.0,2.617421681660093,2.2272841833098465,2.5778432257368693,2.2463830429287595,2.3639415182241748,0.0175786496260101,2.6048125328944947,2.019876751136516,2.8678442363104795,0.0,2.0574249496070784,0.7027396641132981,0.0079896415104113,1.9580335654988537,1.929860911334632,2.1574444714085548,2.5705787710416232,2.3627901698697467,2.161752820097508,0.0,2.0766439575690416,0.0,1.6466796702821238,2.127353003596744,2.998304375196656,2.963594722589257,2.381693485901092,2.1267513202478088,1.9647746393682315,2.4108036235935826,2.1670838157622785,2.0747314367480088,0.0,1.927254621202661,0.0,1.5551170913910852,0.0,2.1337679633243862,2.1135502171182408,2.3158305646576185,2.1904534787820493,2.304592154847664,2.4424114558903205,2.3460485704757783,0.0,0.0050733338248289,2.0831905155030537,2.160160178515257,0.0,2.461340661765532,2.0816420580996806,2.2073527020401134,2.2931767196034696,0.0,2.3535650959063803,0.0,0.0,2.3768972834521085,0.0,0.929374590125148,2.484457394135365,2.28642539238688,1.834646810669499,1.9925353068831229,1.95011781005394,0.0,2.605559017361625,0.0,0.0,1.832982670476764,2.506059085952859,1.9927071351946923,1.604229920926464,2.550841679054686,2.225369037582924,1.8899339616614057,0.0,0.0,2.201670514322129,2.017412480891664,2.291853270753589,2.0438420136770565,2.02006805319998,0.0,2.523538572673333,0.0,2.242182886514529,2.0549694376802816,1.8010779186564885,1.9803588220349333,2.311363342370324,2.1188101195014,0.0,0.0,2.738039912557205,0.0,2.1512477718380256,2.1435845139821894,2.3237734257983504,2.576510439731791,0.0,2.433711690632628,1.8019179796130933,0.0,0.0,0.0,2.8693333011515967,0.0,2.266210573113811,2.0150101802437974,2.0902453967560484,0.0,1.414008164046191,0.0,1.5985790849565116,2.3507853889397685,2.7230907171123846,2.259028026184061,2.295952542172188,1.755244369395999,0.0,2.1045358343215192,2.5406920380883458,2.053613466062019,2.678462412362721,1.860546366323436,0.0,2.0110761919811875,2.4055314159222783,2.007481347888085,0.0,2.3494043539606784,0.0,0.0,2.183332246898801,2.3624595713384893,2.2174468345138183,2.0608027411786214,2.145313408089367,2.0371753195669475,2.1227221027779604,2.6229991533104693,0.0,2.42602076962922,0.0,2.110529038155912,1.2517917783326504,2.1279706391109534,0.0397501140767247,0.0,1.3507886087591108,2.364984083494741,2.096712670938734,2.255757103872994,2.735627684244148,2.25918512422476,2.301524103213197,2.0510923928124973,1.7051442018159977,0.0,2.0256231890284844,2.0388057949307345,2.095230520702057,2.2831460848992324,0.0,0.0,0.0,0.0,2.221903516584704,2.1033838707661223,2.001538230753154,2.1412507827714418,2.204362462860028,3.0190549277676366,1.473075983236568,2.507355837555536,0.0013698954340212,0.0,2.3147137653064767,0.0,2.367325697122642,0.0,1.6444986718787762,2.4367999041370934,2.200135977836429,1.957260091685738,1.661207633572792,0.0,0.0,2.5576577440498283,0.0,1.8201581614370288,2.4091530453506644,2.282063034774444,0.0,0.0,2.7977921852018737,0.0,2.485207331108913,2.2098262814012166,2.057695814200996,2.0341433613912066,1.8186842963751304,0.0,0.4013467358744162,2.851460413141661,1.6716759954797464,2.3462012022955365,0.0,0.0,0.0,2.576229387937832,1.733789361668429,2.1898392151267454,2.2520173403565984,0.0100471248094835,0.0,2.0212907782272502,1.5269544147501397,0.0,2.3790010059913858,1.9040943237747487,2.8484383070539065,2.3436723592025093,2.276188916867172,2.538257229952924,0.0,2.2343607152921594,0.0,2.1844487179240994,0.0054561754377262,2.0172224856419247,2.3608690039646496,2.2292231617365093,0.0,0.0,2.320662426407906,2.330373963129272,1.965347146738397,2.1196024070420814,0.0029081548813663,2.6042519079730417,2.36443101675278,2.23994716234808,2.3628097997285966,2.079577369523941,0.0,0.0,2.125716237494676,2.3909153872490405,1.8267413074712555,1.5663916360478884,2.548977017873288,0.0297386148314629,2.3099540460091195,0.0,0.0,0.0,2.1238114907572334,2.0183754239978686,2.376040155258269,1.9675059160774984,0.0,2.1003578733767,0.0,1.7446993629965049,0.0,1.85781064848732,2.166713925803609,0.0,2.4413882078981795,2.507377983028406,0.0,0.0130878714127445,2.19203282336362,0.0,2.0143060536765747,2.4263044123383217,1.676490335791049,2.2550928431281214,2.693028495543423,0.0,0.0,0.0,0.0,2.057964726694957,1.6946376797866702,0.0,2.0477650970244548,1.7789058565624851,0.0,2.311318025260803,2.258187636393058,0.0252932028916835,1.9546226161266396,2.1606498964505043,0.0,0.0,2.7034386776120054,2.2946146852190794,0.0,2.124835277103508,0.0,2.325839038826788,0.0,2.126623679914245,1.912759126838324,2.398254334321249,2.465312793317157,2.4454677537438574,0.0370708438275267,0.0,2.3942820228567205,2.068940063957675,2.557494245456761,0.0,1.857872399382712,2.4572174322519875,0.0,2.1450309143177253,0.0,0.0,2.125898960364331,2.9522644132456537,2.055397664515925,2.0787938221320346,2.135779236456699,2.342190182019188,2.4617370222840296,0.0120897020336269,1.7875538523119232,0.0,0.0,0.0,2.247185742583856,0.0006540433171465,2.234808681723704,2.1719816752572627,0.0,2.247856813941464,2.196283304980289,2.3369793754085486,1.6869697836143052,0.0,2.313031668609832,2.2705369241643285,0.0,2.0586129304336733,2.3000523229221423,2.263187115232318,0.0,0.0032395190219349,0.0,2.588753329011566,0.0,2.648533849047621,1.904973572737346,2.13129109190195,0.0,2.486360252371853,2.8740925325904234,0.0,2.175683381117762,2.384534678415023,2.764485339103484,2.738590707505626,0.0,1.9711685530168368,2.549567665938869,2.1763352891663974,2.0447368171083538,1.9625870500244909,0.0,0.0,2.39367102843816,0.0,2.1857677638611497,2.1801632459355744,1.9289082703641447,1.905133792440025,0.0,2.3426700432345307,2.5271408649252405,0.0,0.0,2.1477614053348058,2.6582322658991,0.0,1.6922681545750116,2.1575692479151103,2.1112385652593413,0.0,1.7979748553652095,0.0,2.40164583227682,1.4127963480622203,0.0,0.0,1.9415872488019843,2.2311135740830568,0.0,2.211626471117951,2.1577241067804698,0.0,2.62137702559893,0.0,0.0,0.0,2.1980965568059703,2.010273411914665,2.5311750635896737,2.368804269734476,2.3649306122682576,2.1431057274590644,1.951134042845741,0.0,2.106717570531037,1.9332356436007645,2.597347937065541,1.9119105361756683,2.6813223496309018,2.3145074953505373,2.3997990109152747,2.037150151523453,0.0,2.2330888736270804,0.0,0.0,0.0,0.0,2.1461094829926664,1.987269075396337,0.0,2.034396944652401,2.159987995957029,2.5276991763912844,2.0015471461346763,0.0,2.216903548426681,2.592215110694994,2.3118949896885823,0.0,0.0,2.35374359114836,2.19549255559698,1.8330799136668487,0.0,0.0
UGR,0.0,0.0197062593663892,0.3223630839448435,0.0,0.0018787930527883,0.0,0.0294549715498553,0.0346980979872034,0.0,0.0350880705601336,0.2686955083156685,0.8805310823420784,0.1229028412496217,1.97564912199076,0.0,0.0008685385635473,0.0659353002019719,0.0,0.0903276907011685,0.0,0.0444736379753555,0.0,0.0428867012802581,0.4110465781450417,0.2225827923859882,0.0237199700491805,0.0152575291559095,0.0,0.0003240987212541,0.0,0.0,0.0106530879067495,2.210460095128356,0.0258428496804881,2.145680789167117,0.0,0.0433318218961438,0.0,0.0,0.0,0.0,0.0,0.0942789349251593,0.0150719048301956,0.0,0.0,0.0545668793312956,0.0422486448655759,0.0222612938465364,0.0,0.0,0.0,0.0,2.3012329132973792,1.425758556524472,0.0145237148870734,0.0,0.0,0.0,0.0,0.0131757514957833,0.0038871374669132,0.0009573239960952,0.0,0.1089196916210932,1.5420875675780863,0.0,2.51436363353314,0.0133661640988423,1.944751507439544,1.9310535719239423,1.6185542661516232,0.0249502793338189,0.0,0.0,0.0,0.0108156441324536,0.0,0.0,0.0446726949509279,0.0,2.308478169895946,0.0,2.164865423860713,0.0,1.2275363724865316,1.500360003543618,0.0,0.0710699561798243,0.0,0.0,0.0714328990872584,0.0605338848101945,0.1616207375852178,0.0,0.0,0.0,1.6048016466294497,0.0,0.0,0.0437989793955638,0.1293287561597379,0.0,0.0007888115421444,0.0143159151829682,0.0244267347424721,0.0372062544275864,0.0,1.7041892890870236,1.7625653299515696,0.0002610998364976,0.0,1.6376341351594987,0.0,0.0,0.0,0.6443564029531188,0.1753198720342129,0.0,0.0080687051022346,0.0654794461811405,0.0,0.0,0.0,0.1066671796777389,0.004212592952586,0.01319007174762,0.0634924790750963,0.1001636342232929,0.0029529766260014,0.1634994253348293,0.0,2.2573858624582384,0.0990454910565633,0.9422637104398834,0.0,0.0156279007553132,0.0012427812438489,0.0600082366368892,0.0,0.0,0.0,0.0214515638146435,0.0,0.0,0.0001885105971739,0.0,0.103238429425626,0.0474159692443932,0.0,0.0,0.0668118908304198,0.0084471854065659,0.0,0.5522582099343952,1.1877929696038312,0.0186670547688049,0.0,0.0,0.0,0.0,0.0599182203703493,0.0,0.0025650244448889,0.0,0.0,0.1022316278837457,6.164925434798581e-06,0.0,0.0,0.0,0.0,0.0,0.0469615482743909,0.0525091185091694,1.4066254620473522,0.0,0.0,0.0,0.0492602958492467,0.0,0.0,0.0038231270651552,0.0021440579646231,0.0140216339281747,0.0,0.0,0.0,0.0010930362701966,0.0,0.0,2.3789979913740336,0.0034797268408502,0.0,0.0922507492450838,0.0149692834967224,0.0683804156808267,0.0,0.0,2.231883175972765,0.0011864328030778,0.7674860612320702,0.0,0.0,0.0,0.0,0.0,0.0,0.0,0.0,2.523678118345586,0.0244766364159287,0.0,0.0,0.0193489947242983,0.0452447972309013,0.0,0.0,0.0,0.0,0.8095008684739203,0.0,0.0194246583004359,2.105788732633717,0.011136573754388,0.024498842061765,0.0,1.8106037115844844,0.0014316826378433,0.0417422837433211,0.0,0.09003391602039,0.0,0.0498162052472279,0.0262828056039514,0.0,0.0421587379703858,0.0,0.0,0.0,0.0,1.1402681959239611,0.3878241124862333,0.054556749734051,1.132419432346549,0.0,0.0,0.0,0.0,0.0,0.0,0.0988102862230609,0.1757573035554042,0.0,0.0,0.0003534105648546,0.0,0.0,0.0714635207262218,0.0,0.3651664314837117,0.0,0.0,0.0,0.0,0.0568605992416326,0.0013357308092245,2.0872348945008303,0.2356878713540927,0.0,2.6920877390038216,0.0,0.3455764127759446,0.0,0.0,0.0,0.0,0.0699817128390794,0.0,2.2869385128221422,0.0,0.026470834993042,2.3257955692317784,1.7619018357556404,0.0,0.0,0.0,0.0415625651535591,0.0308424857256261,1.4707443440397765,0.0,0.0261657065540228,0.0,0.0,0.0012580179562429,0.0,0.0026725173268855,0.0108766307236516,1.7552914568801814,0.0669794128370555,0.0,1.1537226327347547,0.0420790632342922,0.000999797277556,0.0006580027453137,0.001952726925211,0.0,2.0761298476127106,0.0,0.0012720871655124,0.0,0.0,2.274086497299192,0.0,0.0,0.1032190129967867,0.0324612302522025,0.0219029748138786,0.0,0.2538817255151275,0.0,0.1307295285696465,0.1117998913161153,0.0781339947813,0.0,0.0,0.0,0.0,0.0,0.1892856047351048,0.0,0.0,0.05907781874746,0.0434425302806495,0.0,0.0103165843170217,0.0132481004955852,0.0167778100106814,0.0,0.0,0.0,0.0079878469067792,0.2826995343185589,1.5929635744150437,0.0541883138156701,0.0,0.0029689983426338,0.0002493555332272,0.0,0.0,0.0,0.0,0.0,2.351264521115909,0.0,2.2577407282692348,0.0,0.0115039760304938,0.0075450952207659,0.0020168925778949,0.1191099360496996,0.1182721994760079,1.9935900631362973,0.004383316977005,0.0512093028454853,0.0,0.0,0.0,1.2065793485229357,0.1081905615683744,0.0505088657289163,0.0,0.0,0.1350400830773633,0.0343225032476796,0.0,0.0,0.0349892908989713,0.0,0.0491556475562523,0.0006865049325714,0.002643574340102,0.0,0.0,1.677276310476633,0.0,0.0015672629184435,0.0,0.0,0.0,1.6927038246867163,0.0,0.0,0.0,1.4916265894392806,0.0,0.0005031933136704,0.0,0.0648683325478967,0.0015794976776766,1.858128065460405,0.0517666994898004,0.0,0.1056582838437154,0.0006901922691961,0.0603891113811655,0.0443610894534579,0.0056556847859811,0.0,0.1069891704525243,0.0697322533972155,0.0,0.0,0.0382540689204214,2.258036378556772,0.7862782286525324,0.0,0.0,0.1009775368892692,0.0,0.0,0.00087798296092,0.0,2.0465927103018693,0.0505982323064823,0.0,0.0,0.0,0.0531196234041193,2.486871911491704,0.0,0.009317648145317,2.130841614012108,0.0,0.0,2.4837814618503,0.0,0.1380735867129155,0.0,0.0,0.0,0.3634817169387725,0.0141567571088758,0.1473731299891776,0.1312040614865383,0.0,0.0808773097542505,2.7443175555664605,0.0,0.0458332650649229,0.0,0.0,2.2072533470811466,2.4569508213007065,0.0019839004488065,0.1338658356593592,0.0,0.0909249325195123,0.0,0.0,0.0359707353093235,0.1037269654510316,0.0,0.0360858734662327,0.0665886559234347,0.5001461542442316,0.0,0.0625264147503388,0.0145696861949391,0.065985756749968,0.0,2.65810289691648,0.0411065826428388,0.0035729888973835,0.0020567039302171,0.0,0.0112125480516302,0.0,1.3519076405861137,0.0430197436542279,0.0,0.0422945373179593,0.0,0.0,0.0,0.0,2.0315032251582457,0.0,0.0423475865127955,1.852846137442804,1.7333889201836246,2.426283039454576,0.0011282739873874,0.0022780644911517,0.0116148705060479,0.0,0.0,0.0,0.0268357930677806,1.8857998710604675,0.0,0.041260973771996,0.0037582604848107,0.0,0.0893856862551217,1.3800274580519063,0.0,0.0,0.005435439504786,0.0,0.0,0.0,0.0,0.0725988889936612,0.0,0.0,2.1337943457514057,0.0,0.0001270352696639,0.0043928417401136,0.0,0.0,0.0,0.0098151359217368,2.5336000947371207,0.0024804225571921,0.1058512943038124,1.6226703312334416,0.0867920517306095,0.0448704611183929,0.0673085714033589,0.008843466098844,0.0350336582784992,2.119690735132624,0.0,0.0152870195532851,0.0404015288024464,0.0,0.6521598567034727,0.0,1.8240921451892207,0.0853785191426677,0.0615339749076349,0.0350905938295903,0.0,0.0,2.090109125876631,0.0484349418296927,0.0581643361242924,0.0,0.0044974231970581,0.0,0.0,0.0,0.0,0.0,0.0,0.0,2.417513911657516,0.0,2.54702429706197,0.0634610983090842,2.3433926263245324,0.0,0.0087328114414952,0.0,0.0,0.0006850854927262,0.0,0.0,0.0074222714352318,0.0,0.0,2.581513546808352,0.0163525193762918,0.0,2.1327110876265687,0.0014575168989839,0.0402551756140828,2.1886015041930604,0.039046971462737,0.0,0.0,0.0,0.0,0.0,0.0,0.0,0.0,0.0,2.1212940523419386,0.0,0.0237284731206701,0.0,2.5035195861337893,0.0,1.9751282726272448,0.0285162367361374,0.0593017597639481,0.0439993218089117,0.2265415509986743,0.0,0.2585140444728353,0.0676481180933116,0.0285691883219954,0.0097046783405598,0.1275675488302174,0.0751488259532346,0.0,2.2025954474668,3.539367312180873e-05,0.0,0.0,0.1835300719456184,0.0,0.0,0.0,0.0084564574898971,0.014724979941149,0.0,2.3955173047900966,0.0444843985110897,0.0,0.0,1.6367069921122304,0.1355791274606413,0.1335457711466697,1.7559984325376792,0.0,0.0,0.0,0.0,0.0,0.020648230957873,1.911223776586548,0.0799453069626348,2.2066317827194304,0.0225754615325739,0.0433255567358022,0.0,0.0008004840681683,0.0413304806082065,0.0,0.0962204760529351,0.0,0.0,0.0,0.8773396326755972,0.0318896253537583,0.0,0.0,0.0,0.0,0.0155953914522274,0.0301462594163751,0.0047759002259638,0.0038090657244972,0.0,0.0,0.0,1.4996350866040091,0.0296265520993225,0.0,0.1001577520331518,0.0407525821595107,0.0306369419383506,0.0,0.0,1.9799279929067133,0.0,0.0212235507981904,1.8499051479993744,0.0,0.0,0.0060250327262533,0.0,0.0,0.0,0.0524381808311823,0.0,2.262830065052749,0.0,0.0,0.0059229752184404,0.0,0.0,0.0,0.0,0.0578824543011314,0.1244215944081055,0.0,0.0619340398354302,0.1215391682146274,0.1484866142912382,0.4367437578171056,0.0,0.0,0.0728439246325902,0.0,0.0,1.9467178698340024,0.0,0.0,0.0,0.0,0.0007556567214628,0.00654107759893,0.0,0.188416424979263,0.1128165675893388,0.000878116225588,0.0,0.0064927843724376,0.0,0.0693001963156144,0.5645315975502748,0.0325909048535354,0.3024652389595698,0.0856048982369756,1.0092004809439366,0.0,0.1058077324186701,0.0,0.0,0.0,0.0,0.0,0.0,0.1333261409340314,0.2636202931803936,0.0,0.0,0.0,0.0402046985680236,0.0093424530014377,0.0,0.0352763518754984,0.0401132576955343,0.0049606794988616,0.011146531592379,0.1504120331419453,0.0053712196948062,0.0372908136692957,0.3312084014922696,0.0126392262884326,0.0102343298844474,0.0584030210071124,0.0974236370251151,1.7239679182584362,0.03260931416984,0.0021172227740675,0.0,0.0408609700945529,0.0038283519820331,0.0001906156517405,0.2967027259943723,0.0,2.1272863979882817,0.0508946101043095,1.3980732660702906,0.0,0.2036994777886696,0.0468596190731965,1.6073183496470949,0.0,0.0,0.0519230192780081,0.0,0.0,0.0,0.0,0.0,0.0,0.0,0.1014873712985892,0.0,0.0,0.0,0.03553741656348,0.0931612721505468,1.6013595826325924,0.0,0.016190128928217,0.0,0.0103176561936672,0.1202300308213295,0.0186516341087996,0.0,0.0,0.0,0.0,1.6828578839977013,0.9595191645808154,0.016925878134259,2.5030279697653834,0.0,0.0002253409925421,0.0,0.0669638042695689,0.0641832651219902,0.0043384024844052,0.0013966072053785,0.0,0.0,0.0,0.0,0.0202444753377079,0.0,0.0436824688990431,0.0143401124345607,0.0,0.0,0.0,0.0,0.0635179286994936,0.0,0.1157331456631061,0.0,1.8075107593778217,1.5244485077937189,0.0029497296601475,0.0885614427358126,0.0,0.0024179971217197,0.01047500185726,0.0,0.0,0.0,0.0,0.0437716969675329,2.093752854485627,2.880432458198368,0.0,0.1362613025344695,0.0,0.0,0.0,0.0,0.0004017918567643,0.0885207274392939,0.0,1.8227431319914469,0.0016119325646162,0.0,0.0719193607356041,2.070736708955337,0.0020207170637927,0.3844777233984114,0.0,0.0,0.0438285622991894,0.0,0.0,0.0,0.0,2.911948203160008,0.0,0.0,0.0032447027273603,0.0,0.0,0.0,1.6889903802378547,0.0,0.0651497195252858,0.0024370174576545,0.0,0.0,1.919677232876944,0.0,0.0,0.0,0.0,0.007310389156122,0.0221571825957774,0.0,0.0156967744857046,0.0012878803664072,0.0,0.2787247160377993,0.0057205433261035,0.139933975599296,0.0,0.00235260199147,0.0,0.0048798108301736,0.0,0.0200124202346552,2.042681695449514,0.0,0.0547727442489188,0.0,0.0,0.0,0.0,0.0,0.0100517990873094,0.0,0.0,0.0,0.0,0.0015128421585683,0.0,0.0503493155951941,0.0,0.9823454345358092,0.0397316721447944,0.0055564177261621,2.1637931318849213,0.0,0.0,0.0,0.0,0.0067922802017416,0.0,0.0292508265976884,0.0,0.0,0.0043193633560302,0.0072516243847837,0.0,0.0012652700805029,0.0,0.0288340548340134,0.2102355116840502,2.34050824881822,0.0003462126311884,0.0001747091507257,0.002075269511296,0.0,0.0506595918287723,0.0,0.0,0.0,0.0,0.0041151751083824,0.0,0.0158352522879958,0.0,0.0,0.0,0.0,0.0177816054748517,0.0080980942011153,2.0208596898062017,0.023971383200718,0.0,0.0848600508388612,0.4415024425297995,0.0010555496441871,2.101825190958607,0.0,0.0,0.0,0.1741405571281802,0.0832901178278468,0.0,0.0049071672117914,0.0,0.0770441702626045,0.0,1.9957800595890127,0.0,0.0,0.0,0.0,2.173503737239112,0.0,0.0151177058482398,0.0349456831875918,0.0,0.0,0.0677686613963267,0.0388430341423786,0.0,0.0,2.116489884557102,0.0,0.0,0.0615529390084999,0.0423574670758091,0.0,0.0377860429874066,0.0446093356021522,0.0,0.0,0.0,0.0,0.0,0.0,0.0440829481062511,0.0,0.0,0.0,0.0414694538531478,0.0,0.0,0.0,0.0014779521242485,2.1568828723723428,0.0,0.0,0.2732818480147888,0.0436953716168238,0.0034576966708799,0.1281011730356294,0.2753896947234761,0.0,0.0,0.0,0.0,0.0,2.353900851889981,0.0103162211865748,0.0,0.0,0.0065291813559612,0.0,0.0,0.0183281622327076,0.0,1.1306395561859104,0.0,0.0730846116383698,0.0021366844319957,0.0,0.0,0.0,0.0,0.0,0.0,0.0,0.0,0.0,0.064165519090002,0.0504554490271092,0.0,0.0,0.0,0.0645902857548206,0.0,0.0587913558324182,0.0053101350490453,0.0073889926069315,0.0,0.0,0.0138956554878454,0.0676962158830893,0.0061039548438669,0.0,0.0128625876157058,0.0,0.0,0.0,0.0,0.0,2.0490491027906543,2.299910541362636,0.0,0.0,0.0,0.0,0.0
WNT4,0.0,0.0065167261695433,0.0,2.296873044669589,0.0,0.0,0.0,0.0,0.0,0.0,0.7599103274726483,0.0,2.039444784998801,0.0,2.0404901790288,0.0380520522077291,1.490925510947284,0.0,0.0,0.0,0.0,0.0,1.9199514526658528,0.0,1.7600983298994484,0.0,0.047814373066529,3.16486568894815,0.0089249949899068,1.3184680425554591,0.0335108881193634,0.0,0.0,0.0,0.0,0.0,1.0721512043335228,0.0111941780041419,0.0,1.9865693824573096,0.0,0.0,0.0,0.0,0.0003104838523202,0.0,0.0,0.0,0.1068708979559357,0.0,0.0,0.0146298515103842,0.0,0.0,0.0,0.0,0.0,0.0,0.0043194686589429,0.0503177746253132,0.0,0.0,0.0,0.0,2.0406459922437614,0.0,0.0,0.0,0.0,0.0,0.0768057704925177,0.0,0.006614728523525,0.0,0.0,0.0,0.0054373267789776,0.0,0.0,0.0,3.06838903073795,0.0,0.3577173463959254,0.0,0.0465114257322502,0.0,0.0,0.0,0.0,0.0,1.5723190255971335,0.0,0.0,1.9309970775574048,0.2315030385194942,0.0,0.0,0.0,0.0228525735500123,0.0,0.0,2.462252558163225,2.0367009936529525,0.0,0.0117627065079181,2.9426727965830985,2.24348020359342,0.0393765636985497,0.0111378096941412,0.0848182359139035,0.0,0.0,0.0,0.0,0.0,0.0,0.0,2.010077039097695,0.0092501115202669,0.0,0.0,0.0,0.0,0.0,0.0,0.012106900213366,0.0438642820380533,1.9390186667049487,2.1038258853800667,0.0,0.0,1.0012346203185718,0.0,2.2998000814049693,1.4385462629502794,0.0,2.7863709068066043,0.0,0.0576670629058991,0.0,0.0,0.0,0.0,2.4018751222308854,0.0,0.0,0.0,0.0,0.0,0.0,0.0,0.0,0.0601212942478033,0.0373082110317185,1.5004034674517357,0.0,0.0,0.0,0.0,0.0,2.1050172558139866,0.012714014839623,0.0,0.0,0.0091671424984348,0.0,0.0063135530815092,0.0,0.0,0.0,2.0777457639815142,2.104689650071152,0.0,0.1225661951429668,0.0,0.0390240303660993,0.0272044801118878,0.1318899813216198,0.1837246133839405,0.0,0.0,0.0034486669362173,0.017956604001181,1.7735166966760112,0.0091790541568874,0.0040056106922267,0.0,0.0,0.0098396556355649,0.0,0.0,0.0,0.0,0.0,1.4453275933241043,0.0,0.0,0.0078893424756736,2.1910196137081863,0.0,0.0418474247075334,0.0378369408525822,0.0,0.1085045446934167,0.0,0.0,0.0,0.0,0.0,2.6306134856878742,0.0,0.0,2.5948655563745744,0.0,0.0,0.0,0.0,0.0,0.0610182989604688,0.005334168873647,0.0,0.0354090298964288,0.0,0.0,0.0,0.0,0.0,0.0489360676130211,0.0,0.0,0.0,0.0,0.1020336493835028,0.0133974846148636,1.7360594604640267,0.0140509510965858,0.0064159281006053,0.0,0.0,0.0202469275897059,0.0,0.0,0.0,0.0,0.0,0.0,0.0,1.896467083831868,0.0,0.0,0.0,2.1274273653850715,1.836943571245068,0.0,2.764857736951248,0.0,0.0,2.1005228079913767,2.5600213531370435,0.0008712927181081,2.452191346455658,0.0,0.0,2.087009289052059,2.0607176129416325,0.0,2.048605806181152,0.0028572973778781,0.0,0.0192224754861957,0.0,2.608171530242623,2.355829932668444,2.587341987000496,0.154138947199151,0.0,0.0,2.2894076123202027,0.0,0.0,0.0,0.0711081879509259,0.0,0.0,0.0,0.0,0.0,0.2531876232989959,0.0045092294742385,0.8608219241685358,0.0,2.544875900824586,0.0,0.0,0.0,0.0,2.2738338672647984,0.0,0.0,2.6279455546152137,0.0102985255565101,0.0,0.0,0.0,0.0016144128576271,2.359880548119498,0.0167013551699801,0.0,0.0,0.0,2.0432017392341244,0.0001886270141241,0.0,0.0,0.0077703944868493,1.943322098078944,0.0,0.0,0.0,0.0,0.0,2.6952032340256697,0.0,0.9031243257327554,1.6496579685054114,0.0044914843594972,0.0033677993351882,0.0,0.0100973874252966,2.0679689220312,0.0,0.0061921126888341,0.0,0.0697161593382946,0.0,2.582462207117914,0.0,0.0,0.0,0.0,0.0,0.0,2.2121109056776933,0.0,0.0,0.0,0.0,0.0,0.0046413835328961,0.013151630777694,0.0744438789192926,0.4492268619362364,0.0,0.0057154965791607,0.0,0.0,2.552517084803777,0.0,0.0,0.0,0.0,0.0,0.0,0.0,0.0,0.0,2.5424481815778632,0.0,1.2259916896489835,0.0,0.0239754190767435,0.0,0.0554780926783052,0.0,0.0,0.0,1.7359921853976226,0.0082613702913746,0.0,0.0,0.0,0.0,0.0216351495951156,0.0,0.0,2.2934715615314807,1.9936763017741188,1.9361612777233064,0.0,0.1045316726458535,0.9144664620978784,0.0,0.0,0.0,0.6288927419109817,0.0092122355512645,0.0,0.0,0.0992217929839714,0.0,0.0110734486495284,0.0,2.2439394844252787,0.0,0.0,0.7561094163916657,0.0,0.2997857290541867,0.4686307872310029,2.8506168468333613,0.0,0.0,0.0,0.0,0.0159844343521773,2.1756538088027786,0.0,0.0,2.14435063693864,0.0,0.0,0.0206135963413107,0.0,0.0,0.0,0.0,0.0050224666286226,0.0,0.0,0.0,0.0,2.605828470782119,0.0512045078558914,0.0067717865667048,0.0,0.0,0.0,0.0,0.0097574308787693,0.0,0.0,0.0,0.0,0.0334647099392033,0.0,0.0057762017571224,2.3336845082938424,0.0,0.1293122795498917,0.0,1.5863960400772257,0.0,0.0,0.0,0.0,0.0103064961954325,0.0,0.2709517014641975,0.0,0.0,0.0,2.0673956513395257,2.137049059676132,0.0,0.0,0.7750597539587798,0.024999612138436,0.0,0.0,0.0,0.0,0.0129642807404663,0.0,2.055023254037533,0.0,0.0,0.0,0.0,0.1325918752832981,0.0,0.0,0.0,0.0400841574681998,0.0,0.0,0.0,0.5802362528478897,0.2629134726256448,0.0,0.0,0.0,0.0,0.0,0.0,0.0,0.0,1.6020774868173593,0.0,0.0,0.0,1.2972657434954005,0.0,0.0,0.0,0.0,0.0012755690774593,0.0007603450327746,0.0,0.0,0.0122419607960118,0.0,0.0,0.0,0.0,0.0002141024766066,0.0,0.0,0.0,0.0,0.0,0.0,0.0,0.0,0.0,0.0,2.012744562930521,0.0,0.0,2.8877012991474778,0.0508977345715473,0.0,0.0,2.453671842598132,0.0,0.0,0.0,0.0,2.4763526261334885,0.0,0.0,0.0,0.0386398209324292,0.0,0.0,0.758331474470713,0.0338446913805643,0.0,1.6816130962736686,0.0,0.0,2.708722704161912,0.0220314539214064,0.0,0.0,0.0,0.0,0.0,0.0232386082544562,0.0,0.0183472287759938,0.0,2.226230395598092,0.0,0.0,0.0365080834098057,0.0,0.0,0.0013491241865835,0.0,0.0,0.0,0.0019220339646903,0.0046320763738762,0.0,0.0,0.532483085377041,0.0,0.0005040279206843,0.0,0.0,0.0768800843144793,0.0,0.0,0.0,0.0,1.4937092318672864,0.0,0.0,0.2133291418345688,0.0,0.0,0.0,2.1306400472868647,0.0,0.0,0.0798827894031323,0.0230570381541807,1.1773287611064809,0.7577518676094241,0.0196659784140406,0.0,0.0,1.6313307239972306,0.0,2.3506270486308334,0.1345136489787003,0.0,0.0,0.0,0.0,0.0118238645410202,2.2427550616590666,0.0,1.953540225890828,2.7452435932610464,0.0,0.0,0.0,2.241973813925094,0.0,0.0,0.0,0.0,0.0,0.0,0.0,0.0,0.0,0.0,0.0,0.0,0.0173908932250389,1.160052944802847,2.071681724531791,0.048225478682984,0.0,0.0828606808201349,0.0,0.0,0.0,2.5741643083154018,0.0270322206824981,0.0,2.206763193463998,0.0,0.061153113279673,0.0,0.0,0.0,0.0,0.0255331900472084,0.0,2.512334860995552,0.0067499613605848,0.0,0.0,0.0,0.0,0.0,0.0,0.0,0.0,0.0,3.0440640075676475,0.0,0.0,0.0,0.0116091169760487,0.0,0.0006101361550364,0.0,0.0,0.0,0.0,1.7179641761601818,0.0,0.0,0.0,0.0,0.0,0.0,0.0,0.0105384144419288,2.39072302162092,0.0,0.0,0.0,0.0,0.0004246696243716,0.0,0.0,0.0,2.1451535564645376,0.0022616185604513,1.4111709569651465,0.0,0.0675964335832318,0.0,0.0,0.0677808649868077,0.0,4.4713223606507486e-05,0.0,0.0,0.0,0.0,0.0,0.0,0.0,2.5387077901442408,0.0,0.0,0.0,1.0359317628077156,0.0,0.0,0.0893738131018375,0.0,0.0,0.0,0.0,0.0011080606881311,0.0,0.0,0.0,0.0,2.2998117485892213,0.0,2.0268128578310978,2.4090420991652275,2.0292436172468697,0.0,2.173108993534599,0.0207261747484048,1.696598031506131,1.2408654444459213,0.0,0.0,2.473647153969301,0.0,0.7702741010756242,0.2050751369337243,0.0,2.089032812651566,0.0,0.000609076613213,0.0,0.0,0.0,2.286766122314011,0.0,0.0,0.0,2.439893571494437,0.0,2.1444972507146125,0.0444575337637209,0.0801426760723229,0.0,2.2406603174264728,0.0,0.0,0.0,0.0,2.35120008081414,0.0,0.0,0.0042177532991907,0.0,0.0,0.0739438456883885,0.0,0.0,0.0853034014199531,2.1793891366412343,0.0,0.0,1.4579972493770732,1.6486368082595586,0.0,0.0,0.0,0.0,0.0,0.0574755157165299,0.0,2.370675034128916,0.0,0.0,0.009070781758559,2.1316374531514164,0.0040111781533553,0.0,0.0,0.0,0.0,0.0491747183961764,0.0,2.166385279047716,0.0,0.0,0.0,2.0628227773418466,0.0,0.0,0.0,0.0,0.0055921681732964,2.437216382335058,0.0,0.0040592066370646,0.0004711119201566,0.0,1.8026426964055016,0.0,0.0005100501367242,0.0,2.1154928518757337,0.0,0.0,0.0,2.387387000677391,0.4518489140124295,0.023122686476193,0.0,0.0,0.0,0.0,0.0452183773628048,0.0420145071185565,0.0,0.0,0.0,0.0399515334888103,2.4060899497854416,0.0,0.0,0.3453522490659678,0.0,0.0,0.0,0.726676755919598,0.0,0.0,2.240012185979224,0.0,0.0,1.8645752858497628,0.0,0.0104268483444502,1.9179474600014264,0.0,0.0,0.024865687512474,0.0,0.0,0.0,2.4368252063223235,0.0,0.0122788004782994,0.0257214700483199,2.8121937360202285,0.0,2.051299533434184,0.0,0.0,0.0,0.0391455417440935,0.0,0.0,0.0,0.0,0.0,0.0,0.0,2.654978446407896,2.218132106001657,0.0,0.0,0.0,2.0307735244520217,0.0011817763570073,0.0,0.2414193510167855,0.0,0.0,0.0,0.0,0.0,2.317630279160872,0.0043014941340453,0.0061737349621315,0.0,0.0,0.0,0.0,0.0,0.0,2.6618429702643907,0.0,0.0,0.2238880900086994,0.0293644937991913,0.0,0.0,0.0254398902838768,0.147058673187411,0.0,0.6318557680923877,1.919336343781868,0.0,0.0,0.0,0.0,0.0,0.0,0.0200059514969295,2.0625768603256707,2.4744611591335643,1.666502729706118,0.0060720577312788,0.0,0.0,0.0105865313825344,0.0,0.0,0.0,0.0,0.0,0.0,0.0,1.6394662939606857,0.0,0.0,0.0,0.0,0.0,0.0034485782903712,0.0,0.0,0.0,0.0061830853434742,0.0262451940861972,0.0,0.0290275607701317,0.0060485718171748,0.0,0.0244503902705991,0.0,0.0,0.0019044129973629,0.4800399794699202,0.0,0.0264046091896795,0.0,2.103072354442047,0.0,2.061585564349603,0.0,1.3037641249998415,0.0,0.0,0.3901320486911455,0.4159992517149186,2.4061079939685857,0.0,0.0,0.0,0.0,0.3275526410085062,0.0,0.0,0.007115288023087,0.0,0.0204778769712115,0.0,0.0,0.0481411792140186,0.0049112227140303,0.0,0.0,0.0,0.0,0.0,0.0,0.0221551724135868,2.0671698462073587,0.0032679362898792,0.0644686341467573,0.0,0.0165545611688629,0.0,0.0,1.7658864282573572,0.0,2.42281163913126,0.0,0.0,0.0,0.0,0.0011311426967256,0.0,0.0,0.0092968745978494,0.3741655693336679,0.0,1.3988009317954015,0.2141449195916558,2.278347234214676,0.0,2.701382171120774,0.0,0.0153713141527752,0.0,0.0414412649845475,2.530308148557495,0.0,0.0,0.0,2.0312551562878065,0.0,1.409298545840301,0.0,0.0614142301042643,0.0951545551380727,0.0,2.030393933167284,0.0,0.0,0.0,0.0,2.0918975763335768,0.0,0.0,0.0,0.0,0.0,0.0,0.0,0.0,0.0148620033928936,0.0003455801293729,0.0146859629224834,0.0684833158939678,2.1140555838964867,0.0556062241872109,0.0,0.0,0.0,0.0,0.0,0.0,2.3075994240525737,0.0,2.1343473481049218,0.0,0.0,0.0,1.807339994342665,0.0,0.0,0.0,0.0
WT1mKTS,0.0,2.3209783756159226,0.0,0.0,1.6680671033294991,0.0,2.4165653268149674,2.3226349644930337,2.5277009595847098,2.3744602013434384,2.0969572270409307,2.3523659868419555,1.708470189491056,2.3318674805142945,0.0,0.0,0.0,2.6313730169412235,2.650729497351721,0.0,0.0,2.048614660886117,2.620079266558329,0.0,0.0,0.0,0.0,0.0,2.571120732889417,2.166943007655932,2.756304951146388,2.0928009768656355,0.0,0.0,1.5589057390785397,2.1251652178508493,0.0,2.6791454643078825,0.0,2.4685136313590483,2.3990782814759783,0.0,2.3982908621967653,2.3225178783992866,0.0,2.6972833145087867,2.1887822995334343,2.325833215380717,0.0,2.0234071688346527,0.0,2.2827255563472795,0.0,0.0,2.472162679380693,2.442640140076566,0.0,2.279063013442815,0.0,0.0,0.0,0.0,2.457323357261957,2.334490377003196,2.251828471110612,0.0,2.141551137593253,0.0,0.0,2.3373745548232017,1.8938651349124984,2.18748178163294,0.0,2.3348286255673454,0.0,2.4426631790502014,0.0,1.7496277367701318,1.596760499510438,2.474402773759988,2.622259717662625,0.0,2.6619275682054497,1.998779174108851,2.379482805956541,0.0,0.0,0.0,1.693788280548466,0.0,1.5514697768424943,0.0,2.617370978646543,1.758889011907509,0.0,2.0651919981032343,2.339023247271061,0.0,0.0,2.4474541694934806,2.0286506066838594,0.0,1.5944664064848286,0.0,0.0,2.0217583964539454,0.0,2.4403222628875483,0.0,1.6247570037784942,0.0,0.0,2.0858416120242502,1.6296336986379705,2.4188561924245016,1.8488632995735137,0.0,0.0,0.0,2.16278906330733,2.280674751070875,2.4761907774432204,2.6627929244999127,0.0,0.0,2.1750129332059087,0.0,0.0,2.489568778468849,0.0,2.1254179784490868,2.379883424029692,2.0875845337973926,2.5921731099006653,0.0,1.9187985989684333,2.4874752005746195,0.0,0.0,2.3005479103045325,1.8930282998333423,0.0,2.7839873217571363,0.0,2.5295264896095566,0.0,0.0,0.0,0.0,2.3352712193057275,0.0,2.509000306943132,2.3227586764796166,2.091458818207897,2.17841275917194,3.2928782274121966,0.0,2.590868534353002,2.6656501474069545,0.0,0.0,2.406893269968569,0.0,1.8386771821586847,0.0,0.0,2.135730497164705,2.2319012017078386,2.048360704189998,0.0,1.9928280293614096,1.9305210406614768,2.3799514259941943,2.507123577655566,2.2898115270076413,0.0,0.0,1.6438582503160886,2.3332214060858685,1.5036251373389982,2.657410972567728,0.0,0.0,0.0,0.0,0.0,2.2149651216780684,0.0,0.0,2.518819997839924,2.316031012617345,0.0,2.36029271290496,2.527940684492316,2.0730702015036253,0.0,2.4172491538304945,2.4739867784685643,2.6241829485569186,1.5522714900856631,2.3568702715191794,0.0,0.0,0.0,2.4316295661910283,0.0,2.3130910328380163,0.0,2.0669814641987383,1.9178372277906808,0.0,0.0,0.0,2.653503758251284,2.543836484781602,0.0,1.862896739776164,2.538238219561961,0.0,2.2804127952000823,2.5467170623094817,2.033496171689541,0.0,2.510914194506764,0.0,0.0,2.283929830971669,1.030034080731297,1.745585760043166,2.3612129036376825,0.0,0.0,0.0,0.0,1.9566307196614927,2.4563181436639483,2.45972601939105,0.0,2.708674389330457,0.0,2.446718363668704,0.0,2.044527960253979,2.857834057936244,0.0,0.0,1.8956010081211705,2.7073548648422694,2.1044791483906256,0.0,0.0,0.0,0.0,0.0,0.0,2.8282339210059284,0.0,2.576172525198457,2.4961799683055843,0.0,1.8207010014050264,0.0,0.0,0.0,2.0574690584569733,1.9876357378593887,2.353736069623648,0.0,0.0,1.6373854110627664,2.455610762203808,2.8174852168904168,0.0,0.0,0.0,2.0870083703873146,1.9229984435044776,0.0,2.3944069122032965,0.0,0.0,2.3441586877901264,1.6422149295280737,0.0,0.0,2.9801295636363325,1.8544648940901856,2.49539725342311,0.0,0.0,2.029893242567898,0.0,0.0,0.0,0.0,0.0,2.4183784377913056,2.3639732927182595,2.2759753934285305,2.247615385940506,0.0,0.0,2.543997217144909,1.760799490222242,2.136682965526296,2.9351234987687325,0.0,0.0,0.0,0.0,0.0,0.0,1.9125326568695733,0.0,2.0866988013495105,2.418581214660335,2.3741885379016403,2.778113457425521,1.962821339031796,1.860805701719676,2.549403129880723,2.8799889418283144,2.5932594890881866,0.0,0.0,2.443170780471989,2.447952307532381,2.5269833729693585,2.5439179772127507,0.0,2.303851670387984,2.6294818997918283,2.7789704689654617,0.0,0.0,2.516972085485186,0.0,0.0,0.0,2.3939743405993927,2.002174767565374,2.6160869671842417,0.0,2.0013335250268702,0.0,0.0,2.8000719285989604,0.0,2.5065596209541035,2.3610521260636945,2.4358584408154504,1.738140512533439,0.0,2.7812380674904893,0.0,0.0,2.4122456040394105,0.0,0.0,0.0,2.314136574862481,2.4038447521305213,2.0120495204650983,0.0,2.290786609414359,2.4600373011487284,0.0,2.36710538589817,2.382261741255018,0.0,2.7545618121249285,0.0,1.6613295561828318,0.0,2.5163187756998404,2.7535038678446835,0.0,1.861229827663034,0.0,2.69214121508634,0.0,2.7461825483192355,2.184565116980879,1.95938360874624,1.5927709017974767,0.0,2.2008518000320816,0.0,2.452901865336848,2.3905984151659294,0.0,1.8755766104622844,2.5464333082135244,0.0,0.0,0.0,0.0,0.0,1.9972857595807307,0.0,0.3834419118106718,0.0,2.7761008723644034,2.73909927958858,0.0,2.01030567130088,2.0106952665398907,0.0,2.520857965126257,2.6033433186881547,0.0,1.9814493780136069,0.0,2.574140696770276,2.2743457002872365,0.0,1.9980650716916224,0.0,2.8523861990669124,0.0,0.0,1.773760872825736,0.0,1.6129419409586718,0.0,2.46536317083292,2.7857593038342188,0.0,1.945245008399484,0.0,0.0,0.0,1.848188063620516,0.0,0.0,0.0,2.185299948103741,0.0,0.0,0.0,2.416331038220862,0.0,0.0,2.9527924472511846,2.559872001693125,1.5328344053665102,0.0,1.591105644853814,2.6852666469937003,2.6118351732457783,2.624387239197309,2.443330716351209,0.0,2.1482468099173184,0.0,2.6959918803732927,0.0,0.0,0.0,2.4270683134916595,0.0,1.5123477375344223,2.388449426588947,2.6032058838687955,0.0,0.0,2.5649466074760268,0.0,0.0,2.4253216396677018,0.0,0.0,0.0,2.825602908860533,0.0,0.0,2.302692623759497,2.703072322846152,2.6678576640471663,2.530031360404676,0.0,0.0,0.0,0.0,1.951732251111396,2.1029264312003355,2.0981225176547174,2.7152469666613817,0.0,0.0,0.0,0.0,0.0,2.441633486793444,1.8564018293791456,0.0,2.1375564035835497,0.0,2.1972946307566645,2.0872418735285656,1.4885263960771726,2.0576206704495448,2.344645153241228,2.2810340437673866,0.0,2.026998937162289,2.5678967027818875,0.0,2.2754236486622923,0.0,2.32242778088146,0.0,0.0,0.0,0.0,0.0,0.0,2.44268906270928,2.6318410702944264,0.0,0.0,0.0,2.355257872143554,0.0,0.0,2.142802725403845,0.0,0.0,2.623462698405402,2.301775013067372,0.0,2.2402243760866023,0.0,0.0,2.235553712017385,2.1972052585082955,0.0,2.3921275809303664,0.0,2.3592819625615737,0.0,2.456128798013396,0.0,0.0,1.8398128856490696,0.0,0.0,2.3321694176971617,2.3375767063901574,0.0,0.0,0.0,2.176832830346219,1.5902724277072684,2.009036200299086,0.0,1.1572903286386436,0.0,0.0,0.0,0.0,0.0,0.0,0.0,1.54756928583393,2.4074014431049786,0.0,0.0,0.0,0.0,0.0,2.334169775841166,2.1586829297627594,0.0,1.6212191315165492,2.501136594378396,0.0,2.3685828689491144,0.0,0.0,0.0,0.0,0.0,2.4212932548846573,2.6390117633134,0.0,2.450598620412926,2.2987857322693466,0.0,2.504752167679268,2.406948632719742,3.0393307368122167,0.0,0.0,2.4641027495385845,2.6198556063551264,2.063373858654636,0.0,2.561563119582841,2.3669310274877127,0.0,0.0,0.0,0.0,2.0861908973802445,2.0863413878662254,2.4661465560372773,2.376742374975499,0.0,0.0,2.3594734594303195,2.870328449788204,2.633202205654421,0.0,0.0,0.0,0.0,0.0,0.0,2.337390735804422,1.914004188156168,0.0,2.754408306671563,1.9578857490908896,2.321484231624221,1.803814351957629,1.5967411368546698,0.0,2.5032291106813185,1.7301934453100662,0.0,0.0,0.0,2.6592555276303576,2.3999027183048387,0.0,2.1916776273016043,2.545407030896025,0.0,0.0,0.0,0.0,2.4467835700352123,0.0,2.5845132932418307,1.7270505480012086,0.0,0.0,0.0,0.0,2.5072768639251755,2.9129225793994955,0.0,0.0,0.0,2.141188780075018,0.0,0.0,2.599174843594875,2.5766414957777406,2.322001798491399,0.0,1.6047669955131891,2.277793232085937,0.0,0.0,0.0,0.0,2.5112757429722943,1.9820270865992944,2.369981070785797,1.9322127465208288,0.0,0.0,2.2965943649506904,0.0,0.0,2.567484660877206,0.0,0.0,0.0,0.0,0.0,2.2665470785505404,2.4578319758732654,0.0,0.0,2.417689692674723,2.518745578364668,2.424944347586497,2.5453352535820253,2.611255847790782,2.0047830789175247,0.0,2.8450880887808783,2.343479974770616,0.0,1.8672056191020965,2.444070552882778,2.3690901721807545,0.0,2.680137610544884,0.0,0.0,0.0,0.0,0.0,1.4968659129615969,0.0,3.353027254199784,0.0,1.8574108943517087,2.382830411389669,2.38556091064958,0.0,2.3379334066473016,2.3842597697284864,0.0,1.3567280701952862,2.3892465933080484,2.2531303089744044,0.0,0.0,1.9571076547038504,2.346889065027653,0.0,1.627621787808584,0.0,0.0,0.0,1.9525171934553485,0.0,0.0,0.0,0.0,1.7814391505667957,2.5168667133460705,2.3608547310011248,2.301285897968545,2.4615608367962536,0.0,2.326089279991183,2.379675795646038,0.0,0.0,0.0,2.3636395882009262,0.0,0.0,2.400846804993314,2.2836695710155746,2.5812545416567634,0.0,0.0,2.159449214788059,0.0,0.0,0.0,2.390069959890232,2.1532198089104533,0.0,2.2278162462006854,2.3730071693071504,0.0,1.9477008737080013,0.0,1.4622857091401231,2.1325530640779378,2.39447356031093,2.078145411360574,0.0,1.558801099068246,0.0,2.5174989426369008,0.0,0.0,2.0154088245008848,2.3679940003845177,0.0,0.0,0.0,2.523488942351356,2.1277555591516344,2.3630094807774946,0.0,0.0,4.0336985177163305,0.0,2.4078321641617464,2.3092173081443,2.394872836595664,0.0,0.0,0.0,2.5379333550529823,2.3618841236815027,0.0,0.0,0.0,0.0,0.0,0.0,1.6795710227479916,0.0,2.3146736754260178,1.883140024220328,0.0,2.5982061154150493,0.0,0.0,0.0,0.0,2.2430391028288112,0.0,2.030332442064121,2.3466851119902423,0.0,0.0,2.3532346918599485,0.0,2.508504177196848,0.0,0.0,0.0,1.842967227355204,2.157594339042769,1.324895845603793,0.0,0.0,0.0,0.0,0.0,2.4266954648618926,2.7387838797715296,2.346767004811136,0.0,2.673315318044965,2.2705638662967345,2.0809151299620434,2.2404720220451804,0.0,0.0,0.0,2.080371277798913,0.0,0.0,0.0,2.1079192130416304,0.0,2.451053772331244,2.010100963375197,0.0,0.0,0.0,0.0,2.6649643208828766,2.299379329806769,0.0,2.4888249207839035,0.0,2.3333614537282346,0.0,2.4100455621564127,1.8181210502722096,0.0,0.0,2.461819846382217,0.0,2.105136660808154,2.568623124614064,0.0,0.0,0.0,0.0,0.0,2.2778802959115776,0.0,0.0,2.7320975762751907,0.0,2.1237176680030774,1.768147858499315,1.9557488902362343,0.0,0.0,2.3886691862242406,2.3916389188925145,2.7670643353836057,0.0,0.0,2.481156256330071,0.0,2.0576843551153963,1.8780034767700184,2.3868919698201165,2.4872586213238788,0.0,1.9362421157317231,1.749104587785367,2.25704758271948,0.0,2.925671606467261,0.0,1.6532902314663849,0.0,0.0,0.0,0.0,0.0,0.0,1.6816776161566491,2.1818706845707823,0.0,0.0,0.0,0.0,1.7858815198207378,0.0,2.4888307304841866,2.5185893250732314,0.0,2.54215450804251,2.3351198000431737,2.4806016957605688,0.0,1.9266061446542868,1.54838603976377,2.358014686379972,2.312493189387669,0.0,2.3625321631398184,2.1435588763963227,2.3256498534210643,2.435580940661737,0.0,0.0,1.8594960322597849,0.0,2.6753595017211778,2.2322345978935707,2.282298754260537,2.4587347212189967,0.0,2.6894750059464405,0.0,0.0,0.0,0.0,2.3901956161247617,0.0,2.100956078389724,0.0,2.488474657835116,1.699434268373604,2.7037855665236923,1.8406679186876809,1.8494528192365816,2.883582958876989,2.602958168506913,0.0,0.0,0.7699098937620816,0.0,1.570686612940934,0.0,2.1060318332848658,0.0,1.265842045533078,0.0,1.8158998584527608,2.2501186596689724,0.0,0.0,1.9740579634900304,2.5263366114346466,0.0,0.0,0.0,0.0,1.792127463328593,0.0,2.3639432913544445,0.0,0.0,0.0,0.0,2.189698252187072,2.3926002640751567,0.0,2.6929989829593177,2.6152823383951938,2.5610270763483483,1.880182633984236,2.0900726864397843,0.0,0.0,0.0,2.436280401382579,0.0,2.277217654179561,0.0,0.0,1.7878927625373624,1.83003220895383,2.0664629454156525,0.0,2.050267899506561,0.0,1.8830198245603715,2.1130009145889384,0.0,0.0,1.4853563345767524,2.5390875214832063,2.391295337533413,2.5140028541701414,0.0,1.6579050947027791,2.2757284647360727,0.0,0.0,1.997452896442875,0.0,0.0,0.0,2.335123172250509,1.8664023543428128,2.3499497174856563,2.8686153482191163,1.6587639653183917,2.4965244853265527,2.8177470810405776,0.0,2.504584769037417,0.0,1.8655912732711388,0.0,2.4793552217673858,0.0,2.380907943453064,0.0,0.0,2.52175809755782,2.365459930483952,0.0,0.0,0.0,2.277167199119362,0.0,0.0,0.0,2.4090414977763834,0.0,2.084264148215554,0.0,2.519154992729722,2.455491965288467,2.655325909999124,1.6012965271364534,2.300033123713728,0.0,1.99821311949498,0.0
WT1pKTS,2.6097000451693875,0.0,0.0,2.3197530003877294,0.0,2.2366270793388714,2.372260012056,0.0,2.586961292856356,2.11323856671734,0.0,0.0,2.171789821194041,1.6287649623545315,0.0,2.61347210723225,2.11052792887698,0.0,2.3751463758723927,2.3047762548142443,2.5016291246012883,2.714170259019648,0.0,2.215739876177446,2.199228584957777,0.0,1.8172312586308017,0.0,2.2103023340223693,2.442268892299348,0.0,0.0,0.0,2.4022996964870456,2.293144958030621,2.580595913308559,0.0,0.0,0.0,0.0,2.374065855950668,0.0,0.0,2.1131692402923945,0.0,2.227165050213068,0.0,0.0,3.0798315498910163,0.0,0.0,2.156140917048229,2.5699455013473043,2.4068885527305866,2.344881198538519,2.0695339255494507,2.6082535772463125,2.3181907401868824,0.0,2.645437592103449,0.0,2.3983800489396963,0.0,1.7767429651293882,0.0,0.0,2.154086258374184,2.2612119157889463,0.0,2.1612897413796417,2.097758422691216,2.730290942915292,2.159768993738362,0.0,0.0,0.0,2.812731072769948,0.0,2.378322830721665,2.046765297356695,2.29693753505934,0.0,0.0,0.0,0.0,0.0,0.0,0.0,2.568672573459894,0.0,0.9720983931748576,2.4047693970426303,2.3452931276316296,0.0,0.0,0.0,2.368840878009664,0.0,2.450493242954487,0.0,1.8876983752740928,2.339763393943021,2.232983100514215,2.290523346138247,0.0,2.3587072526346384,0.0,1.7229906005932132,2.0025574666273327,0.0,0.0,2.856784684905,2.189039242795956,2.419214906197732,0.0,0.0,0.0,2.1901132026968884,1.8956320835746392,2.118912156959601,0.0,0.0,0.0,2.168670407422955,2.14120040228078,2.12409241111204,2.4138135887483583,2.6069781559437515,2.1126182203892268,0.0,2.15942871384428,0.0,2.3619057497214824,2.152539171058435,1.8687077453119645,2.3946546277583227,2.3294948035177927,2.1611781737615843,2.781086459904765,0.0,2.2626932538069413,2.3293242923100017,0.0,0.0,1.957713545234255,2.245301020385142,0.0,2.7247199036328573,2.367277601509685,2.201748173259604,2.2471552928857874,2.4539104900360016,0.0,2.065480127368871,2.185620209753261,1.6802500721016809,2.3908890771591262,2.944123124930748,0.0,2.288121088278916,0.0,2.224794289516622,2.3902619585255747,0.0,2.354941074983602,0.0,2.42297895049191,0.0,2.28476027616281,2.220681307653273,2.3473362815476104,2.0328302505110143,2.143359988339304,2.1474642630320324,0.0,0.0,2.2588284994816945,0.0,2.012524338389191,0.0,0.0,2.2516297977096578,2.4293192021933154,2.3529845771504667,0.0,0.0,2.276605542051984,0.0,2.213848033972939,2.2089083919900143,0.0,0.0,0.0,2.156023944700104,2.115694860519971,1.2863320304090402,2.180881144929014,0.0,0.0,0.0,2.3828048615076662,0.0,2.348788094290738,0.0,0.0,0.0,0.0,2.0455666528416865,2.348859570409012,0.0,0.0,2.4699499519306345,2.1401087350569736,0.0,0.0,2.6018408169699723,2.6856047911673446,0.0,0.0,2.5377685104988164,1.459640640703721,2.35280610471542,2.7287524827244183,1.8850731837312609,2.041745256580432,2.265231144657332,2.132667870444721,0.925324138011006,2.095248492548364,2.6956990785637243,0.0,0.0,1.7200715977139351,2.251290507173397,2.0379792204029217,1.960939809358525,1.8317980433796168,2.5717425939843945,0.0,0.0,0.0,2.15717142700703,2.6263730913969456,2.145728118257376,0.0,0.0,1.8369596795563088,0.0,1.905201431107,0.0,0.0,2.1743868748082007,2.503946344957162,2.2384536370659247,2.8469473220445023,2.1982873691727822,2.221223428118833,0.0,0.0,2.570943380227676,2.280149648102792,2.50410846479253,2.425754447367975,2.144220933074225,2.178445048815992,0.0,0.0,0.0,2.29885225404994,0.0,1.8733249005592711,1.3556436951698958,0.0,0.0,0.0,2.3442632487797423,0.0,0.0,0.0,1.6342511435193934,2.108223446927718,0.0,1.6306314417921035,0.0,2.2304155852175094,1.8305430700532923,0.0,0.0,2.104856993994417,2.030600232700832,1.981685004601196,2.10604213507023,0.0,2.07414701388724,1.6665202297842854,0.0,0.0,2.242693018196023,1.873080547878164,2.473132301416092,1.7804291170188609,1.8457467864326769,1.9002175353464867,2.0609280791778346,1.7939415325497114,0.0,3.045001847647552,0.0,2.1260967399702104,2.2040114931078083,2.435975952050144,2.365485201113244,2.143481662951116,2.1994662234228626,2.269322742147736,0.0,2.5885577589701443,2.268571337972405,2.438898703024841,0.0,2.323296692004689,0.0,0.0,2.330563987195011,0.0,2.572243464469484,0.0,0.0,2.4487407856519408,2.7505355024002607,0.0,2.533613511044309,2.5748120352669512,0.0,0.0,2.3853126493965457,2.3640031467487503,2.3345429744738304,0.0,2.0173867295714585,2.2248283246005487,2.2152884616107573,0.0,0.0,0.0,0.0,2.1317519994186807,2.8570167963529136,0.0,0.0,1.7297511653098006,1.99330055634228,2.225370710403724,2.145323501603917,0.0,1.5668930690953728,0.0,2.198275312509499,0.0,2.672872293813809,0.0,0.0,0.0,0.0,0.0,1.88454961477634,0.0,0.0,0.0,0.0,0.0,1.9301168781253395,2.4004991964060296,2.0630928112119866,2.195462764608324,2.458814275371819,2.8904347876066807,0.0,1.7281773094797628,2.4215844804967137,0.0,2.30028242614435,0.0,0.0,1.2019620527297894,2.480789883775865,1.5780953781230438,2.1177680876151483,0.0,2.067558439442644,2.603016338108078,2.6366539836213096,2.3565432601063825,0.0,0.0,0.0,2.337046018926999,2.027235245031799,2.1880237222582166,0.0,0.3801460600246049,2.824279067133272,2.1875523113107307,2.142114691954565,2.282145005733196,0.0,0.0,2.657249412000338,2.451665501611869,0.0,0.0,2.0453757280815656,2.222277623174829,0.0,0.0,2.861059150617787,0.0,2.4062110350559114,2.1134042503689137,0.0,2.255509187849293,2.4493026539427154,2.001820465984246,1.200291987473581,2.658210090733359,2.2712918125950177,0.0,0.0,0.0,1.5297256195891564,2.3342386291724675,0.0,2.305311408110556,2.2098612300366267,0.0,0.0,1.6718948874003197,2.3246865112875046,2.120848934091327,2.2632078304760666,1.918823486550924,0.0,0.0,2.346906432953478,1.532869322439615,2.7418058938018133,0.0,2.2845969598995683,0.0,2.540215801534307,2.2805295422223826,1.6688219037862322,1.3709372499433594,2.1951300252943606,2.0424662883773084,2.109079746441964,0.0,2.2068559107023846,0.0,0.0,2.5680740771250896,0.0,0.0,2.2809356189032166,2.2073639388567505,2.3833848831196667,0.0,0.0,2.5666502655691805,0.0,0.0,2.2856720780553994,0.0,2.509232523272107,2.1700125892520736,2.372379514011712,2.1800494945016684,0.0,2.4401800797218205,2.461192542232973,2.9230483883424534,2.4675045910257043,0.0,2.279473486954287,1.9767122400029464,0.0,1.4915573702539615,0.0,2.3625269777597566,0.0,2.172793498370733,1.1041922677668894,0.0,2.450307863035189,2.232601131391025,2.0353655758981724,2.271294029206312,2.2824131719397376,2.29937910338803,2.7176347280072823,0.0,2.431437486467071,2.062259679819793,2.196888476074397,2.2918219171874084,1.5788871208194275,2.5383200892113407,2.102820188487608,0.0,2.1143739409097533,2.488499748652085,1.5885381826040317,2.5415351107827675,0.0,2.1960549597352497,0.0,2.216229667319756,0.0,2.2355367266408344,0.0,2.1524550750748714,0.0,0.0,0.0,0.0,1.984703615657048,2.0715608287015987,0.0,0.0,2.622411775865215,2.276990868573701,2.159842940777529,2.585360074772939,0.0,0.0,2.3464365726899734,2.163056639570415,0.0,2.5255835956482207,2.4393700439973167,2.489610937517829,2.0278603798009844,1.7794322831543516,2.340884202915708,0.0,2.2660914303921933,0.0,2.170286366678584,2.0834333503068607,0.0,0.0,1.5903672965615283,0.0,2.1574160954117048,1.7228348011725538,0.0,0.0,1.998847849128292,1.5143467136474276,2.081338494830206,2.4204008461568383,2.476627431144556,0.0,0.0,0.0,2.0609669340190693,0.0,2.9612435484781163,1.843059667774276,1.7952447750675486,0.0,1.9596343520360613,2.156064261942352,0.0,2.1923565575408364,0.0,0.0,0.0,0.0,0.0,1.9049175018378524,2.771653956803819,0.0,2.818936794445948,0.0,2.1489360472330867,2.1815047936385583,0.0,1.5517937823983934,2.194185119360012,2.295686069273581,2.1971356111052733,2.1415008986760298,1.8803243507718723,0.0,2.9221952754686487,2.2425996257650067,0.0,1.44449751883736,0.0,2.1881242093782034,2.7992992674306443,2.221824602874612,0.0,0.0,1.9803109134674444,1.8404197055059308,2.261546781986413,2.8676046402918844,0.0,2.1814074880135905,2.1446001393576632,0.0,1.5386343599177512,0.0,2.39031304884877,0.0,0.0,0.0,0.0,0.0,0.0,2.1209959277134063,2.15936474682925,2.1712644591392944,1.8673551117473024,2.439104437530263,0.0,2.306168262958708,0.0,2.24108022425929,0.0,2.2636484976391547,0.0,2.219280290263273,0.0,0.0,2.7985332108186944,1.7087386181942037,2.4579945629986835,1.3739325041011374,0.0,2.534606511083416,0.0,2.3529881901016068,2.251191836759361,1.6741503757745946,2.055998114529588,0.0,2.173838053907421,2.4550742793373783,3.133097722703181,2.4513251731283043,2.496380456454088,2.4684918786608887,0.0,0.0,2.498898800047136,0.0,2.1359009438966803,0.0,2.6914604047423856,2.104785247400505,0.0,2.3576949098776336,2.2708515501234747,0.0,2.3126904937557327,2.180519599550576,0.0,0.0,0.0,0.0,1.8418327197350275,1.6756539588524315,0.0,2.6245716457006703,0.0,1.8716321847205035,2.468414622083768,0.0,2.071311819976553,2.115786068067894,0.0,0.0,2.004680323622687,0.0,2.517532773814764,2.3355685794372527,0.0,0.0,2.8169363716643883,0.0,2.119352580040484,2.421552271002977,0.0,2.418513207689571,0.0,0.0,2.2535709969407973,0.8232590098272564,0.0,2.3305915875317504,2.2888384422663006,0.0,0.0,0.0,2.8255970389173592,2.258464393492156,2.7530601277453988,0.0,2.1750807060984942,2.625922368744812,1.90010756954918,0.0,2.098333499406781,2.278141825010875,0.0,2.185259881942999,3.194038299023118,2.3660325202584365,2.5807931040278405,0.0,2.696563730554013,0.0,2.209216746442517,0.0,2.27263764171132,0.0,2.9372401508853283,2.157474307186095,0.0,1.7625159310631715,1.9883836971598683,2.4579077579934867,2.2473727447465497,3.3069437093068643,2.843081660448957,0.0,0.0,0.0,2.2099958032061258,0.0,2.9346080237350654,2.6231402516163858,2.383986536445517,2.113953435478308,1.7707896636484468,2.3457233959892294,1.9376107185888465,2.4152457117494945,0.0,0.0,2.514045513768432,2.117948228608065,0.0,2.3507289747715028,0.0,0.0,0.0,2.764491087507309,2.3138702969266056,0.0,2.28215979818027,0.0,0.0,0.0,2.401163271306439,2.4811806302061346,0.0,2.121756260833411,0.0,3.103928087989724,2.133027556286116,1.9520212770012604,2.197135115943282,0.0,0.0,1.2014878401311744,0.0,0.0,0.0,2.5179350295733043,2.3615223356958834,2.5529421670314787,2.54005380637418,1.7722808898437168,0.0,2.1397114125934618,0.0,0.0,1.60247055032732,2.7112248055981185,0.0,1.7822776050929134,2.2604131297604293,0.0,1.9474404475434588,1.7604645748977572,2.171802164263045,2.1384893345267773,2.3161258451171567,0.0,0.0,2.2396859240648657,0.0,0.0,1.6455628720233768,2.469523927637479,1.9002668622431989,2.439621765680787,2.4481520695464014,2.458643476554033,2.708685407634788,0.0,3.0761185991173,0.0,0.0,2.20399729928683,0.0,2.3699717316375435,0.0,0.0,2.069765096674127,2.143014187426933,1.5343527844105338,0.0,2.2542928761916325,0.0,0.0,0.0,2.267451240886908,2.3466444938350253,2.328609500682186,0.0,2.7358330804972315,0.0,2.0733265567274093,2.431002269190764,0.0,1.5486605577772796,2.11828857604229,1.7242109439642004,0.0,1.7000793610424028,2.7986178934378683,0.0,0.0,0.0,2.289046973828275,0.0,2.511946210743731,2.170491276715327,0.0,2.612672415965427,2.6090592327567723,2.3491394048487377,1.6712867963561464,2.5815524079850904,0.0,0.0,1.8011103426983708,2.5480502197777533,0.0,2.51177250191221,1.9195753020445048,0.0,1.6502602330885887,0.0,2.545347066365763,0.0,2.3463992407856176,1.854106206432408,2.4780082337594966,0.0,2.1379786704344474,0.0,2.644811232156964,0.0,0.0,1.9306815066424063,0.0,2.457325596941056,0.0,0.0,0.0,2.2336815354512147,2.1947183718606538,0.0,2.777480556957392,3.1327521599388533,2.7881805608794155,2.241119798204545,0.0,2.807182300155127,0.0,2.272663210726656,0.0,0.0,0.0,0.0,0.0,2.6981475079804893,1.8874330985605847,0.0,2.1619164527525254,2.0877422412674207,0.0,2.093376444086166,2.2746100852482987,0.0,2.098806585732844,0.0,0.0,1.9533249901015992,2.2595254568767302,2.332457213509933,0.0,0.0,2.366617221099787,2.3840049858808228,0.0,1.627025837117055,0.0,2.568978448705876,1.740765977253505,2.1487802749945644,1.6646033823047166,2.294824482268893,0.0,2.1418413691053027,0.0,0.0,0.0,2.408174776936079,0.0,2.4958398519567333,2.061978793591304,0.0,1.9717648456784005,2.93668275593212,0.0,2.2008287189093543,0.0,2.4365681031147166,0.0,1.8230472270217235,0.0,2.6434973626005105,2.248760100830073,0.0,0.0,2.171541526062181,0.0,0.0,2.1639291778871086,2.1076875318201043,2.035379572503003,1.7320444721981791,2.545722237076367,0.0,0.0,2.0575169522093466,0.0,1.931614953408488,2.1049272806688304,0.0,0.0,2.241019914786744,0.0,2.053489375379716,3.456648117857487,2.4457727176170527,2.25709767518649,2.2406923972556627,2.126400121307332,2.573601912655384,1.9535971708108963,0.0,2.26928397490718,2.337523192229676,0.0,2.4838537412549275,0.0,2.240828884710693,0.0,0.0,2.462807972959744,2.489533770936397,2.595544970714676,2.2039221864721696,0.0,0.0,0.0,0.0,0.0,0.0,2.2965498172850825,2.351870412678241,0.0,0.0,2.320332474642268,0.0,0.0,2.6275142970193213,2.0285048161663384,0.0,2.2991491976838074,0.0,2.7114089831888712,2.2636317140165767,2.3187926915797705,0.0,2.1289852485385863,2.421201409007871,1.4822310388599658,2.260823438614892,0.0,0.0,2.2588046149918632,1.8650737663443488,0.0,2.1295520518600446,0.0,2.326928816522724,0.0,0.0,2.3231972045184643,2.1402743760138287,2.1779689292801194,2.067659909269754,2.22202586286435,2.2189550391641912,1.9561208391940683,2.389782778393556,1.6671115071281382,2.8909584512232027,0.0,0.0,2.102262635193131,0.0,2.128976548605606,2.911113068835556,2.115446887410436,2.3481985756555903,2.5024915132866683,1.711620668178096,0.0,2.2270757472624023,0.0,2.256573598637996,2.3715244265622184,0.0,1.7729743502586282,0.0,0.0,2.258025951298178,1.5947864796445108,2.107124416134816,0.0,2.152807844756696,1.9278093955172635,2.5384266993596367
